xAtr	yAtr
47.827284237328	11.4523823624925
52.7321149633859	6.82002051597161
49.8531499910199	11.5813428624706
50.7015747130096	8.26922284874721
51.1614255675547	8.75943121318304
50.6209697214356	9.71980209718642
49.0185983337822	12.4435923729838
50.4097973037662	8.51165258767499
51.285482779323	12.1980192386453
49.5253498573507	11.4418007264429
51.0788760555811	6.23094364188921
49.9855582447512	6.93441006782069
48.3005355588083	9.07293688174138
48.2116855691246	7.86858048774061
47.2990506397991	6.38279845265505
42.7677327073918	7.41162707300012
54.4036133771848	11.114077078875
53.5031622481601	11.2285178234399
49.8772656355182	8.33277820188961
51.7161080654665	9.92329547554548
47.7169254104666	10.5935188164799
48.7085887637893	11.0344424008518
52.211587552029	7.58010304997682
49.2769333765094	11.0597335859662
50.4086946541491	9.09669824755616
47.2336464534546	9.76177990857762
47.4874914771499	8.46555658227349
46.9807248775753	13.5696484778688
48.9419025612955	11.5388746512996
49.0601710488906	13.4477200855725
53.1603727419924	12.8542820972561
51.0217991515243	7.77647087417155
49.5392938276065	9.84726512007104
50.6189792971769	10.3042848335815
51.5093771628965	10.6163992250986
48.4883667632813	9.85178551976282
48.4375638675788	10.8788991976944
49.5956424224213	10.8990992714152
51.9437772371085	8.33964980666269
50.9379743535388	7.30984646860847
52.5285897350622	10.5743590848968
46.641431906491	9.42972992646879
50.0642988570203	11.9155549635574
53.0583082999231	5.45641068992478
48.2902850086714	12.6315206215907
51.0965666445914	9.67667948573857
47.4874013316994	9.23271144452609
49.0412812832873	4.73778642133849
51.0325061452885	9.45240367946888
52.5550819076441	9.30014493565335
51.4448780132076	7.59322800270692
51.6002653211236	10.4782500939709
49.0791067390079	10.368256947751
49.6793271802875	10.9854871094316
49.6959829530853	7.88804148609957
50.0571137540928	6.87720266371017
49.9688110533882	8.91607380498409
52.3384923050462	9.06836456590543
50.6438670391245	9.56196208046378
51.1888556156162	11.1074869363031
51.3283612631536	12.4318031150368
49.2101544281122	8.23488547289999
47.5517395818357	7.81240809855556
48.4656565652345	11.5194861988562
48.9916279662125	12.1943397045328
47.3522258446317	10.6013349425052
48.6430655270758	8.52695894197754
50.3045025701049	9.64839201120162
52.2819747751819	11.476356830268
47.0327343363679	11.5501009779469
52.3053170551337	11.125228956622
52.213743785192	12.5515997115677
51.0017963663387	12.5171169189335
49.6574635803323	10.7278249010805
49.1894731262878	11.0477554144685
45.2497464712098	10.0941585945042
48.2698472306773	10.1419761883913
52.3576467852463	8.869868643371
48.860994865581	15.6899478572965
50.6770290368625	8.45706587326173
53.5858464706927	14.4316768618065
53.0492522864636	10.7099947027084
51.0565975247355	10.9984851412462
49.2559804283161	9.07026711691186
49.8128060774416	8.24156188058815
52.6582228236831	5.61705067841429
49.8295577439104	9.61510835917644
54.0907017666059	8.66885884276362
49.9009347523893	7.67837187374778
47.045915878925	13.4169440223193
50.5746902604492	13.926628019689
50.8069154239537	9.99959414345063
51.7735494729279	11.3305160100703
48.8863063929302	7.64096126615153
47.843238963354	8.95054225673493
48.3174956329086	6.76163043891379
52.3604728338922	10.3486048318173
53.495788754031	11.5059877669215
48.2985311064727	10.2476780519503
50.7650217964585	7.30858816633497
49.4562840397819	10.8665199659773
51.1310037644218	12.7527082807374
49.3818786133377	5.75245094846175
48.8764806036784	7.75872933158047
48.8455397131803	9.79547366474458
51.5450537299821	13.1119633527849
54.5520800318551	11.9620954950512
50.3398342332851	10.0752649823548
49.1900626048535	13.6256968990626
51.2138237589163	9.81010542990689
46.8925555266976	11.2851495468119
50.1408369469604	11.442765327156
50.6338198605455	9.40488146925711
49.1054481640609	8.98345789629789
47.4100884944489	10.4569507655889
50.8808132505406	10.5633349988155
50.734141433563	9.49034302291299
50.0650811510684	12.4673362241451
49.8761869669313	12.2311688242858
48.8442496275054	14.3470500012518
50.5869233731809	11.6921454686299
50.6821664287323	9.96149701558541
49.4200609634531	6.91578541095942
49.1746124119191	7.0502736492923
51.368199473225	9.59889851028726
53.226042445817	13.226004652941
47.4980801551509	11.5090059316071
50.2330002914349	8.82998548632379
47.7020846417291	9.07984386843702
50.4671119695936	13.3257809150227
52.978876853926	9.94865969236057
53.3541042520982	11.1514885288178
48.6177147752823	10.8844877492748
49.5718556592295	10.9951461869831
48.2149610898097	9.26292891803917
52.6885370673423	7.38684732539287
48.2457408550246	13.3572031335917
49.735475563077	12.5584197798171
49.2781632626534	9.57321770846844
45.5540186965725	6.90692128195932
52.2724158219346	13.4306236181079
50.52723666056	9.3118954839396
50.3316911997494	7.98770170649958
51.2221523939968	11.0795775533507
48.400715924818	9.53532047825229
47.8993603338978	10.4277472059585
50.9775774868095	7.81726180428837
52.1947561986721	8.94776731642876
49.5157650417339	10.2266281800852
48.5729149921072	8.43035966993351
47.3182883056046	10.9320748374861
45.6317869884231	9.39678963763037
52.0333562381238	7.95907597571831
47.9356471770027	7.69235226550496
48.0011749623703	12.449635330391
47.1147540722364	12.3565449181723
52.528414193807	8.62122492235532
50.4715058550383	14.6699472214682
50.4933225123946	7.60975863268978
48.9750288715812	8.80066485618321
50.3799211485983	11.3172031726864
48.2196223201846	4.0598349446532
47.3383812141087	9.77984369071081
49.8280939783199	7.28854633588911
49.8187817879303	6.96053896455678
52.6655697082638	11.3897731587064
50.8674777324845	12.8002762024273
50.216936375815	11.057743497358
50.6557008554623	10.9233576853379
53.9163808200069	11.6709185943315
50.1962128181306	10.0280033819662
52.7210583558622	12.5826579814366
50.115897681017	11.6500420183275
50.5595121112382	6.65046777017711
49.0575465828308	13.1880925830201
51.1276289389122	6.31517767604143
49.9257923480824	14.845872838548
51.3445811242501	7.54834014075216
50.6636120679619	11.6662317850794
49.9794076040881	11.9788915990603
50.9217802751179	9.40901745472099
52.4861928860004	8.3528370027179
49.3868807496723	7.5790076170428
49.5297778623859	9.78025650175529
52.8500162402268	8.80594508039324
48.730689806117	10.8205492506678
50.1818851161047	10.5657934166081
45.9534907431077	8.49719433412663
49.4825673474418	12.6354397817419
49.4034700531357	10.7141816199116
50.8740228077599	9.86938960339652
48.1991593492632	10.7169281289154
52.9539019864988	10.5427063022853
49.4321387620404	8.77140481058892
51.9155985966134	5.78097471689187
47.8544082439953	8.05487968550254
49.5561210617049	7.90405014370558
52.0405377221957	11.8098634555463
48.554039461958	7.7333037615483
51.5457038079764	3.49468384897964
52.2814155636584	12.5812209991528
51.155056086157	8.81049250927474
51.3668151716719	9.17179913503971
49.0161676079762	10.1059931541134
49.4713401911722	10.3210509562242
53.6859744817799	9.5798742066227
47.9573120414825	9.83420958603985
49.9756074805125	11.2156514800244
51.3630315936634	8.13447555224087
50.2339430416743	9.99802199737437
51.5262766856965	7.19803242170788
49.8226883313033	6.83563269728592
48.6943811802616	10.6338381963305
52.0271552912378	9.33157661643844
51.8381293303358	8.14770348766519
53.0840417022395	10.8636602798305
50.2466665304162	8.18824173517943
48.932212869821	11.2464645437368
50.0656774501239	10.0314493111791
50.4701950532163	8.90365740372264
51.5085946870328	12.5959896935252
47.7666009721461	9.63995813673895
50.9106818772347	10.9068437674354
52.0028079482879	8.72496484280649
52.4369830993556	10.3808797092632
49.0450500606512	8.64836861885309
49.2765107388713	13.658860634614
47.8928339123993	12.3673139052534
49.2902041350009	10.9019487469247
50.4574519407976	7.5081400782862
49.0144586595263	10.7240122211657
50.12400401587	11.5885130828049
47.8179944891844	9.5267366058482
50.3814455159502	9.06245044066861
50.6157237313904	11.0115656980009
48.0098781341062	9.36102708292175
51.7804876954807	9.40227751676138
49.8505752360981	10.9241899768323
48.3744609723188	9.28734250388362
50.1063933153073	8.08130391343321
50.3223594074803	10.5123804896459
47.8946808148981	14.6891770200248
49.1127658104931	7.16310763429627
51.6337064261332	11.3529210711672
50.9310319532031	9.52467298776348
51.0852930950486	9.34403384249584
50.3984040162156	11.7460829927819
51.8331314516271	10.0932040339532
47.3539305807516	7.34295866187954
46.6189890636273	9.33825470160936
51.3151005662382	10.4476936704125
48.8262594480524	12.1254332522374
54.634433216823	11.7326691351158
49.4199697359959	6.2643639242524
50.1726244185359	9.56527028454743
48.9023420055449	10.0722423290079
50.9624646120439	10.724851086909
49.6519777127969	10.8018175887427
51.6055770810499	9.64758531371021
49.9787359821286	11.0871437974958
52.2635172716628	10.0923351994859
46.9820061739889	6.52288942665388
50.5533469055363	14.6620665169633
49.0566349184691	10.9244071533386
48.955818463769	10.173332520271
49.694000886762	11.2401025683673
50.0354852484324	10.4232514503659
48.8917315743731	6.66609932048768
47.1058430055535	10.1867856496359
46.7979043030555	12.5086177814364
51.1758331907133	10.6407643723002
51.1438565240169	10.0227111865437
51.3029927946107	10.6359783564892
49.292247524328	6.97566030611826
47.546017601447	11.741614244675
50.6551197361739	11.14514968059
51.6213150039519	10.8997933137332
50.0092153598047	8.74141225624637
52.8504278568364	10.9760397501964
49.2696493245364	9.52732460558418
50.5096257802971	7.09357765816151
51.7329464920162	6.80095387250145
48.0275603994882	8.16732664644718
50.4647176095499	11.2150447279354
53.2214760527946	12.4482223673382
48.4753680857189	10.6170102900091
51.5972674565796	5.91827504094156
53.1008983022488	8.10542919486042
52.9017828562199	8.8313630447244
46.3203177500049	9.83023166076737
53.3010039523237	15.0123240454906
50.7379549761831	12.335610397724
52.3318553213547	11.5502548234064
48.4449332649255	8.27201305549301
49.9734724421991	9.7914771999546
49.0409163094152	6.9113902768261
47.2786988610666	11.8572706575289
50.1048275266194	9.80025998463487
47.0279858825741	8.46178039093623
52.5064985590454	9.02291495561643
48.586179532623	15.0932481478407
49.495957145201	10.3459380833487
49.2189005399448	11.8016672265794
52.4644960563771	10.5564830109484
55.1406407155827	8.55903245837946
47.6620627968227	9.77936347469652
50.8036234384923	9.70570190620375
50.3942251153362	7.01999624600893
50.2722580633378	12.3732129058334
53.2730182815159	10.6476684121158
50.3888849514529	12.4309980858827
53.9317123722821	8.14879692567328
48.9338379624972	9.39026500851299
51.2018717834799	8.04433108517095
51.3752492103649	10.6159655418525
53.8760969192829	9.22336629911009
50.9563764460031	8.74836680495059
51.8637549705205	12.2225584162288
52.9127863765604	6.60124290355994
49.7126363656204	6.51129095849707
53.93190526899	9.80859332526355
47.2851065174952	8.67943173122618
51.4775260929177	9.6905185998366
46.8062504530416	11.6430639991701
51.5421071038065	9.3829067733163
52.0579391292962	7.30113103198833
51.2224430989099	8.42445658241379
46.3779735151132	8.8660459364074
47.2487210113236	11.2881232710858
51.5210645240151	7.80561588635007
50.5130708563247	8.70611520506299
51.5085156523727	13.1209492671098
47.2757839596963	6.99399533412868
46.1706017544904	8.00511230297376
51.6829524412937	9.71189432525133
48.1926672152652	12.069367671764
54.0564391090814	9.05558099295594
49.0236910416941	9.12025491809798
55.6513864104788	13.3559840374345
47.8590757407906	8.1713690597033
46.9563168593475	12.6270772906202
51.480145592487	12.2926716491467
52.2151369499888	7.48619206220674
48.6069814689476	10.9511283363798
50.0257363497482	8.77397644524445
48.866404400163	9.76811737403
52.0228770111147	7.28491983641461
50.2060768296548	9.03048665954887
52.840841822423	4.43039544456364
46.9156147152744	13.1259031193314
49.9336065220857	10.3443738376862
51.5667418185574	9.21582386903832
49.9179616265869	6.58059043727023
54.0464376609392	9.7989962619893
46.4964289620559	10.4267699825084
48.2476392014155	9.28464606025805
50.3663322785091	8.52715341138666
49.8607508340109	9.88106158316135
49.181938739254	8.72823884881283
46.4083547954831	8.08057408810055
48.0048864558609	7.43083353680797
48.8702095767401	11.8994472564499
49.6638645745379	11.2007697756761
47.954821107092	14.9106401619039
53.057461637574	8.46929039752861
49.5932561218637	11.1973700939575
48.8323108336999	5.79402804568833
47.900206273366	11.5659825854212
51.4706498318099	11.8527573115404
52.4438807703364	8.08404429065996
51.3690695882384	8.71056261566812
52.8373085596376	9.04972629793144
50.5847753722562	10.9299897140989
45.7045899471131	11.6639922840027
53.2780387509158	9.75637008902669
49.7730972988607	7.45371964523315
53.1337512354049	11.1976960888873
46.5905496817095	9.1616114481819
52.7955135694546	6.6147753669
50.2949746175895	12.9052579002892
52.8902485582853	10.8116390265296
49.7642742191945	12.269487651537
47.5162440660292	11.097436164324
50.4274815890274	9.48036447543987
48.5995173106979	8.41456901564164
49.4173289211821	8.30766737110915
51.2060707654167	10.0493688782458
51.0454203744511	8.76081520128286
49.6169394561674	11.6563900122196
49.7026050918293	12.8969420799662
47.9822937113969	7.77625507688342
49.0794557329212	8.57704177764643
47.91942979764	7.32454883888957
46.8326921501775	11.9899715408461
51.1002953885723	9.52481101698754
49.9744203200276	7.72062258689585
49.51193920158	11.1206959716004
49.982619476658	9.62441582997464
49.5885935728472	10.1861604477532
52.3305059673001	9.83818392974259
48.7428747125676	14.5462602861406
51.2632511583468	8.54294747125597
50.1737313668998	13.7202873145793
49.248051409619	11.0180911778296
45.7297631613303	7.44924622967023
49.6401071389624	10.1557735806232
49.8513302310725	11.707916732006
51.3182180142988	8.19399397927526
50.451597278016	10.3050489296608
50.7471394319612	11.5195414048918
51.7017308340231	9.99436563769124
49.9702678032157	6.85076069453118
48.7569924545958	11.5115016092496
50.2799631935638	7.95768418860094
49.5870407062371	11.0687965247202
50.735034590349	8.41823158678272
54.3737061761622	11.7503423662206
49.0803583549175	8.20730121551854
49.1595781290476	12.351840794341
51.4515764024072	9.69916621393773
52.1562757082505	6.8148874359883
52.0631695927837	10.6386981321682
50.6178319922197	10.0254361297632
48.2119740371009	10.1136571685115
55.0934607912736	10.9653181926911
48.5408924621943	12.2964745716889
52.2462856032527	14.6059501961321
52.3965956551461	13.0211044148145
48.7267222970737	9.6805603270763
51.1904344548458	6.58328649930952
47.3550189474865	8.08706179240841
51.8542733437029	11.6800891400296
53.0425152086478	10.8652492318827
51.0408581080633	9.66814390455645
51.3788955468139	11.1955872910529
51.4401791536216	5.08813858625334
52.0413443831076	9.66697460387314
48.9843867740352	6.73142726303605
52.8687939990576	11.961341927184
50.900357579406	8.89433221917961
52.5122525959145	10.2608414204202
47.5978642022978	11.9784374078429
48.1411386166121	9.58803079913184
51.2426398885238	10.5273068196375
51.5320691031277	11.0631948448727
53.4134556441244	10.5075384413668
50.9836523412752	7.46239675959388
52.733016235181	5.37620464764865
48.8614220103184	11.8056471282577
50.9363154572804	10.6739477877574
49.8748562693092	10.5316366753425
48.5940128279286	10.5869673592125
49.7719993990766	9.78713405910352
49.3949216603188	8.7328196540936
53.6196304272665	8.79298020426412
50.5417781399592	9.51268048388094
47.796088643636	10.9833177623603
45.8388208710669	7.53012586065092
51.9180283949354	8.75157773132876
48.1720424603768	10.8437314537741
53.0674034691577	7.63540153796845
48.1025549343498	8.99328406707735
49.8174938523614	7.95947271868821
49.5641329778248	12.2302826154959
46.6160819719174	8.41697466963202
47.2049654944728	7.18335316284686
51.3563908598937	12.2627326993075
48.3949944002766	10.8886770721244
48.7516478868931	10.2030293404992
49.1348565817279	9.62252418050288
49.1890532164795	9.699691102302
49.6145032938328	11.4089651444517
47.2531090885072	9.60174159620528
47.5609464788315	10.7589089332828
48.9597120943513	10.1533200536994
52.5569539459163	7.49334097732258
50.6121310136812	12.296417644624
50.1788056896444	8.12869609636391
47.9641867040931	10.2702444775392
44.8847998849818	11.0791930683308
48.9021337545234	5.85741236147542
53.9000817632872	7.50606134262354
51.0292375268876	9.71639835749506
50.0429742538175	8.72427817319348
50.3090943093236	9.72782510360238
49.1995557891835	10.353645914519
54.3210578274219	13.0968786533713
48.6513951028993	9.22500171771658
49.0432325439247	10.6005207242723
50.6839961361841	6.52882922029511
49.1747158257971	6.36157530105201
45.2921119138717	11.2649624756828
45.1103985852515	11.326221848254
49.7284728566334	8.80258690268897
46.6035561128274	9.64417622847904
47.4447005422456	9.42330678507736
51.7353359527296	9.97799666763928
50.5897132490875	9.82961835655308
50.2788581894387	7.12659067919754
49.6875352766618	12.9950492052204
52.122009486452	9.79078626742279
52.2107530174978	8.5917534744919
49.4544179046995	7.88866511763767
53.7563199650122	5.4884869266788
51.2686464935733	12.166964559317
48.8938767845716	7.24839043303669
47.4845863377483	8.34850913954582
53.0395906289325	5.72400168314455
48.0344773018857	9.87533903807349
48.6740275427934	11.3832755332003
47.3188676639364	8.71861139637761
48.6759215025896	11.5968937923285
50.3406877678118	8.27295681754756
52.089960747237	10.0273409747453
48.155432620312	9.93610610659137
51.8935939824245	9.78160673158369
49.8885157839885	11.392205994658
51.6796734335605	10.3802670320994
52.291976424854	9.3196307888797
52.1326603088726	12.3125769016238
46.9717633166779	10.2149387624735
50.329929535913	10.3384935259479
49.1595761931543	10.7733253336964
49.3409456349037	8.66870466600317
47.7380930222548	9.90930559696825
50.9468979232368	11.0040648923077
52.7423906015915	8.49567026422525
46.7065265519499	10.1482813659969
51.1340231509075	10.1319380703749
49.5431207995134	7.92314655407635
52.2571620410594	11.143359037205
52.7597918927009	7.90319733633778
51.5286939454337	8.67416756461279
50.0310845756203	6.05189159534862
50.7940603577626	6.48227314238997
51.0481229758551	10.2193816084098
50.1721137172436	9.73202705917594
49.5910508497921	12.8269748011219
47.8406894545377	12.1706754536482
52.5509923291225	11.4611238064536
52.5343649420007	11.8527873938347
46.3837231945933	14.4605650419209
45.3995514132056	7.48681656933808
46.8372414263158	8.27567219394166
49.3314617352948	7.84149526712625
50.6659918237748	10.657601567867
54.049445104538	11.1159168194287
47.7749739286025	11.1935232488952
46.4351737369033	9.73690618881035
49.2997251990447	12.4217980901607
54.1096589152032	10.483719329221
52.0245188457816	10.6316029430094
50.9033931468714	10.0050057415136
48.4255472597544	14.1518343782281
48.6404379580756	9.67530634594146
48.5314897282413	12.6881773321526
54.6066635795575	8.87893719204068
47.723210341538	11.8892004223661
47.8290385649529	6.03708481971366
54.280129497867	7.25235555890989
49.3574647349042	10.7003324125372
49.2121620136704	8.38299273136656
46.5376769476324	6.44757944847755
50.6685381911046	8.42453305690626
51.8393080777752	8.95385558474746
50.9021297604413	10.1522920553405
48.2859988343164	8.95384626414756
53.3279805583538	8.87551052742947
51.4861088258892	14.7979766915817
47.6974681083823	10.6456124987836
47.5168791574098	13.0734128055348
51.429104492516	7.80254280544228
49.6414807536446	7.30162383887761
49.5594232293041	11.4800728787793
50.2558820720865	9.92828735861518
51.0007826037862	10.7193233708485
47.4462851738424	10.2164488597131
49.6687532574954	9.82203008065646
51.1386756563421	12.0824626004252
48.459698747901	9.84242681054453
48.3495356605949	8.14262787699534
51.7100521065312	8.50913871821624
50.8852347514766	9.43598784241119
48.3898173177166	11.4664907723534
47.8439962728426	8.7486183340384
51.5223425527617	9.03070074590112
48.9970249007046	8.34923024258179
47.8532023371342	10.6061092595246
48.9538215722249	8.59446582035191
52.2453080612213	6.14850555496568
49.1921816011114	8.70540788226938
50.0234011776359	13.3926610704488
51.6126846406394	10.1975187257364
50.2880350491164	9.74472881354792
50.5100683548673	7.64366654259677
52.6201290638872	13.2638530290976
48.9224425182734	8.54358304491598
52.8749184166642	8.54235566515803
48.2619144475845	10.7322333006556
46.1305026647934	11.5887000471231
48.4908108155689	6.72745671538316
47.0407528752314	10.4512272618085
51.0866556333149	8.83546506709971
51.0420298060471	10.6110592910568
51.5742985584709	10.0264353346618
54.4159832292707	11.0279837070754
46.1075231158295	9.33929701701577
52.0011249042699	10.6496910260649
52.6551449951202	5.4066193483065
47.1555897553447	7.94222480603683
49.9773562746157	11.1134176755516
48.0927037883557	11.7453407847856
49.7407489804446	9.27876403198567
51.3327419404431	10.2186925685058
50.0856176920067	12.8550030030972
47.5071292203765	11.0596702196301
48.4036091442403	11.0023572906276
49.958097367319	9.73347495763512
48.481074328245	6.07341005070255
46.4606302328888	7.62196536573867
51.3164397396191	5.70620364828814
49.2611666751865	9.25841501367004
51.2039050978522	11.4082553590526
50.6115135866736	8.40550404619461
51.0522027638586	8.35143434546713
48.2102963566537	8.72526063009429
46.9845908498881	9.61462197629828
51.3377966468392	12.0258696180661
50.8682518445202	10.3115686015299
47.2879194971486	10.9251664833088
48.660733168752	9.93026160340986
49.4295805345293	9.28256000549613
43.9627054133165	7.13574383356634
50.26992926384	7.80014219117878
52.7788130952611	7.36601743065199
49.1241606592342	6.2582285199144
50.157148110472	11.2462416570462
48.8779370278867	10.1832617739655
51.0205020225788	8.33807201076593
50.0831066845908	10.3856758382298
49.1356400665413	7.75273990970123
51.031411408405	10.7819546036862
48.2276869892951	7.07306706974504
51.3185498362355	12.548691052535
51.2958253918353	9.70469184952201
52.538206711977	15.6587960296185
48.4747239325357	9.16466706613924
46.4090969493272	12.1406236272557
51.3542540956205	6.176668980244
52.3722036229625	8.47462320468463
50.9540755478117	8.70162826698709
48.5399129386836	9.46791762603244
54.0207429173778	7.60574111698427
51.6540068732466	6.06055512890574
48.4525694535862	8.05624673303581
50.883653379083	8.29846980213982
48.4458652999478	7.45236276326481
53.4560980729214	10.583266740571
51.8974888701433	7.35990053694404
46.6494375952396	11.379785260367
48.8338162852067	9.91315494084621
50.1964820123585	8.54159982874347
50.5767402654479	9.8187744546567
52.2864387389576	7.86245670583975
51.8139924923105	13.2093557268592
48.0908462960521	11.5203238358616
52.3963108072248	6.84475032006893
50.7473915972834	14.7016407660807
49.5419814034604	10.2650127177903
48.030192834646	11.0680297681477
50.2100504795584	11.3001401282729
52.0730609449632	11.2424661987777
48.8067882088492	8.4463473526733
47.004419695102	12.4273003634398
52.8768190755673	7.89289771014473
50.2050219540668	12.9868742278316
53.1065437611269	11.0608011983454
50.63064595631	13.6441519918338
50.1812685317618	6.68778150581633
48.6712551073018	12.6536136599088
48.2799714529501	10.8295889272407
50.4792244411382	8.87929054909314
46.5038521717306	7.62025373921513
51.7732168073935	13.6322598714864
52.0969266961672	10.6999501950007
51.5437226392616	6.82603486687372
50.9631442772274	11.5791194417761
46.3649034561861	10.5314361083252
50.684095837008	15.7826195226197
52.1975679640512	10.5825728984606
49.2669095688491	8.71486267890878
45.2989741769399	6.96006471549429
50.983361153837	9.08155570855775
49.3298171931257	9.1916813630225
46.0278084179767	5.34793577020202
49.3423100292086	10.6193632740344
51.4989077488127	12.2698834330877
48.9147358643856	7.76022275725372
50.0831578633667	9.57543342681267
47.4308625706755	5.66436957132976
48.3482100703731	8.41643948152325
49.0896145042809	10.8705239162207
45.7108237574052	4.97318897800789
52.0002919839773	10.9946211215192
49.3773925555142	12.7649942245645
50.5431803895606	4.89953255435317
53.2725557278009	9.98998569224423
50.7181459238313	8.56395164857718
51.2237341059879	12.8058678841144
48.8039064282895	10.1956119813728
51.3396975626634	8.7574610288477
49.6808392688617	10.9805474814078
50.8355320524059	13.0426874986417
53.820672648396	10.6789673040845
51.3949856533512	13.6009230337447
47.3280390375569	6.18045803004238
50.2714474297468	11.8340070847732
48.2495780539971	11.6531233534748
52.0500827797129	9.79137549895696
51.9845744131567	6.32708933341242
51.9785390813353	9.05230166140804
52.2001533147266	9.4235201098854
53.1355147643689	8.33175642636532
53.1527188989233	12.7954169479846
50.5170499107934	9.75638368246489
49.1121207926627	9.95486703056731
54.069167592521	9.88308101726417
52.2407007192798	8.2059995723244
50.9917702334198	4.20244497919058
48.104680961597	6.60531610404121
50.9404348631621	11.4578129433311
49.8268244379942	6.690395811167
51.7297332021249	9.40972878958211
52.7863839661076	13.2151382552751
50.1045981416238	10.6027933003035
50.0791920670299	8.66634856139312
49.0243852722284	10.7391646982374
51.5826705964097	8.72090307429579
51.8690578308139	7.59226556095989
49.1881482465533	8.44031262740525
47.3073331709313	13.743623517176
48.4156037450186	8.69409927281523
46.2641153070225	8.66031250843884
50.8323270352951	14.2212794794228
50.3253504722292	9.77118679102541
49.8341072959338	8.21956649142769
47.6683939964933	9.8675161681538
51.5269269345988	8.5127117170618
48.8065224335647	9.58804527352857
49.5416876853428	14.6601876968983
47.0760632366053	8.37575858802531
50.6489846252794	8.06600274250173
51.7969443681117	7.43152157280943
53.2339564129691	13.9474205209191
52.3204782222646	12.0982428286478
48.8637775091525	10.9005371289833
50.5155887021854	8.12264121533038
52.0150091091419	9.52005647393629
48.3217478986036	10.2286354531658
49.6904647527912	7.23662652501283
46.4267196702143	8.67578830513506
48.7102400157347	13.1116634546292
52.0886154609799	10.1213639628716
46.1050819177833	11.3585130463291
47.9594432373401	11.5627023804968
52.6249900310007	12.3727353228426
52.1835956255977	10.6401263086188
49.5832972924227	7.0355079492104
48.6950029353753	11.8707518339926
52.2515923860382	12.9136528996654
47.7003061696162	10.8451279684526
49.5995443084241	8.86749227236217
50.401053767494	9.48285122240443
48.1939664486134	13.5227805690804
45.6494331804345	6.82938275316821
50.5562341970917	9.59054268371124
49.5247270769063	11.5291734481646
50.081803451474	8.00093419371242
50.5540079420211	11.464138180423
50.2257519699912	9.11234929205394
49.0667720940944	11.6435294184438
49.08385316707	6.33709594484909
49.4989834201899	12.9317502768819
49.2904500263855	8.99776145717995
50.9506602582935	10.7804121965595
49.1856062686379	11.8976526412945
53.4514963436299	7.37683975546408
50.2390329095518	10.1860729480414
51.0952166963631	7.42179292357933
50.3155615174367	6.45371368539428
48.315953984096	9.4364536068742
49.9087774846858	12.454779824562
46.3875519650491	11.2429458267003
49.8254765863898	5.98902584713615
49.2691363560744	4.81487455258991
50.6245229053691	11.7564831165465
53.5979449532801	12.399376467631
53.5711728081931	9.70599678842878
50.0916794132857	10.2986758050151
50.0565192538644	9.47289172201717
49.7454043340889	13.3785127786442
47.5915356237884	8.07546159925575
49.0818624144963	9.70012223666649
52.0305867735478	12.9579269285159
47.6344804648408	12.2926432412058
47.780431397664	10.9911440231393
49.1658692359613	11.4949446373662
48.9704628046046	12.5743725708804
48.4437756306156	12.3868768695213
50.3385273819852	8.43931051952299
47.3985896039096	9.42043209698333
47.8583545187632	10.0405677115111
49.2707233768299	7.71487860952947
50.2412187212217	12.7261733699214
51.932782747164	9.04924700769856
51.4597616686496	10.5444767823642
49.3053402079135	8.67346751457589
50.2456242819246	8.55189369241393
49.3177518182412	13.7050917534338
50.6543530922706	10.3735656557282
52.0715001189977	13.6293845045931
48.2103198819593	13.4603559493064
48.1766142461533	10.5537816410625
53.5185834674835	12.2284552641816
49.2692890015625	13.7204358637601
51.1921142937997	12.0364762242669
51.7626587426864	10.6954346240417
53.7648622099286	7.61222632699737
46.7641057578711	7.23805712016592
50.5580998097749	11.2808594644103
48.523295412317	10.2777127598298
49.9545450918829	10.5931015703379
51.2442711391177	10.16021918384
49.9907442340413	7.18532314680548
53.6921867138696	14.1298986356156
52.4476243146048	9.58064671927994
50.591430545528	7.49982601124886
50.0569064886118	7.31973111286129
47.0017899934041	11.0436876293325
47.6780032747355	9.27797468875431
51.9020099618936	12.0121820378284
50.2307036724794	9.8409331253886
51.0958627873408	7.33625499606415
48.3760873769198	9.73262077004645
51.8280860520941	9.64815238665192
49.216534225075	11.1480309105898
51.3234880874207	5.65646719040856
50.3085228365798	8.77952658381086
52.0348595208991	11.9358543731874
50.7578477723521	11.5086449022929
51.0716068783485	8.88710698737611
49.4003425436452	9.37397177475943
48.6636814936266	12.0092380001263
47.6618905232824	8.05375387681626
49.8254152147805	13.3306517493672
51.6654312033702	12.3769239622549
50.6407704950644	11.0508363950819
52.4204831724458	13.8431029136735
52.0024623884694	11.2523696822844
49.6120041232375	6.67353466010284
50.7541683903882	9.30050558506157
47.4077437991052	11.0159475575509
49.9874288779865	9.58331170217854
46.7755950718423	10.7551501830983
48.8351150377255	10.3565269184517
54.9275551817653	10.1385735728142
49.4877250591289	9.305921104391
47.0329593072845	8.47490205380537
49.6289707179242	8.17361699904924
46.8701067947763	8.74701722130525
48.7792363002657	7.35555770265781
51.1412564581454	10.3263840962337
47.5635544379636	9.0415345668894
48.941603888547	10.8144978591292
48.897180170245	11.8836610068701
53.966301316206	7.13774609363657
49.3965570995466	9.96421588846288
51.6478471338149	12.3841742415589
48.8641865092619	11.0698095331082
50.7960605290402	12.201397831495
54.5134347123335	9.94663907236957
55.31744493221	12.1234718631909
49.8200583472373	12.9567944250014
53.6581463619933	6.02515357811843
48.792841189259	6.60702270011786
52.271214536508	7.71693490894924
51.1203476483266	13.1424525149043
49.9725047580034	12.0311433827223
47.5493606108382	8.33688147814104
48.2919276175093	8.90386217365241
47.5179898939961	7.33151439612594
45.4543091810534	10.1344285319916
53.9184990449945	9.70675735266213
53.4256134683892	9.23490530196191
51.6585154815839	9.96815016486281
46.5125366939877	11.0166385422746
48.7074000993869	7.68854964573656
48.4345554165381	8.95004045060955
45.0103707984798	10.0065583639959
48.6339907290252	9.48037759069611
48.4668068845925	9.13897112344452
48.7715766196858	13.6699510244973
53.1255037269598	10.6312131489191
51.5133241533833	7.47165188972994
48.3419543960387	9.74461156307566
49.6009365813965	6.37599114769369
46.0527588135601	10.4459100481964
51.6863381349237	8.2485077394871
49.4893246743655	8.09572302624719
49.9222655821513	9.94352588794386
49.3142300758675	8.23296503004393
49.7683790525258	7.91502055982038
52.4668411582294	12.3956117486166
50.014677006809	10.8616120305338
52.5826671680215	10.082801764599
46.4460866990627	9.87617383850564
56.0360366072046	9.44595400601537
50.3645685374251	10.6206299960637
52.1899893632947	6.92577911931948
52.5983036847977	12.9326717799365
53.1221825921392	11.827452225123
47.9020610282638	10.0383381053546
52.0394550069143	11.3512692973275
50.705701829761	12.6765308102507
50.1551990342419	8.39869737284373
51.3133655528949	11.0907451660676
48.9289447367806	8.03759511877037
47.580519328547	13.8889366503131
52.1918689796622	9.25983185742523
48.2844146180047	10.4778142879403
50.7970585963276	8.98795615667411
50.6597263392643	9.07530810056657
51.3558479690208	8.72640475042973
50.4998899212243	9.03003158945194
51.6655187591807	11.8749618586365
49.2331522134717	10.4638043919045
50.4155697317933	7.10881296800125
49.0593122169883	10.0421294990058
50.2615950144017	11.2011052123722
51.3703630629486	6.35391716182273
49.4835299612147	7.19799052792525
49.4686654063973	7.86354916416816
51.4364800345871	6.48944207920991
48.3613777449954	8.39641768870347
52.3372741861946	9.66734771195802
51.004854215906	10.2354705846738
51.6879842028908	12.1903380597926
49.6716242248254	9.91623486947116
49.165820690173	13.2373467810013
51.4710574665815	12.2020431016017
49.9088184798394	13.6460641996039
45.2285874334412	11.3233741568513
50.0774624783857	8.59255956656668
48.0602311578517	11.4635820804595
48.7681742817898	8.95417197017608
47.9402235952933	7.34418386326833
47.0687060264029	4.73038912137797
51.6758358631377	11.1727512554764
48.2386881262032	7.57211369729981
51.2492941241913	11.3863799801502
52.6703160528615	13.5396035456645
50.8087493621449	9.45390999357262
48.888118192959	8.63931827533368
52.5888764162351	10.1568314158699
54.5275315917824	12.8939301496015
46.005660552487	9.59881333960638
50.2044416692883	9.24029628519833
50.7729733122377	9.2280522037426
49.7340835116733	13.1929543823959
49.1509197238238	9.51303920343324
52.8577316208074	10.4531524123707
47.7717405704117	9.83217175712908
50.405114134138	9.88963519747182
52.4073424185107	7.62492294182562
51.9639677527913	11.0430161929864
48.5083499578303	8.05119623478038
49.3992860937049	7.84922130852942
48.4049805782249	12.6979351667062
49.9457766227327	7.28635657145572
53.0205630664454	10.1313944613823
48.6350868469741	7.11915946098825
47.4150176827503	13.1943694922937
48.0474672863334	11.083506337341
48.8547459610677	7.42350380780085
48.5584728559818	9.26673172451883
52.332483447283	11.5649614694421
51.9629155248792	10.4712535553688
49.9615339808965	12.4281059926621
45.7117503988903	9.23618552460837
55.3118123311719	11.7882288917154
46.4952630086385	8.45372429909464
50.0800998276011	9.02605749323172
52.0185833866341	9.64556993784442
48.4101728278671	7.30000609487035
50.1799466531246	10.6356599725767
53.3537561054835	9.01477088326873
51.9653130441889	12.6108186578531
49.0203105154431	9.65774640817971
48.2332956911935	12.1666650975093
51.2425620360924	11.3016086725979
100.283237350842	49.9806049531802
101.154703154154	49.8987433033039
102.57843804459	49.7955726018134
97.1846317251672	48.4821208305148
102.401397833021	47.9658130552443
100.468746634067	46.8906260154038
99.285699465754	49.7300471279189
99.7955050003373	47.5414619038895
98.652804354808	54.0132417901522
98.9169359598524	46.6539380684693
100.623677738411	50.2116816515694
102.162656983275	48.4900258371627
97.2733036831564	49.6434383537786
99.732753046737	52.3794612771994
99.1738731599253	44.0340598024581
100.925482768885	48.1535757615616
97.5891608344626	49.7716399765949
101.273629460784	50.940969535277
99.2591401004504	48.4099369591858
97.9342814164113	48.053596827875
104.043966301395	47.8513918850516
100.599081353882	51.3581467049147
101.770226203641	48.5600855924254
100.313570494433	49.3089270671551
101.616929819723	48.3614406906877
100.634141275867	51.7494814512822
99.0673125430189	47.10067213733
101.452285496599	50.0214297986794
101.846851726103	47.6511590433775
95.5121627481598	47.4772764340172
103.545348346346	48.8736747653922
95.647889336918	52.1248279744591
99.8718295241806	49.1627867100716
98.6556885241955	50.2217394859646
97.1261915524326	51.6057466012676
101.539056878289	48.0890562873832
102.377501409556	47.6834077192254
100.620744521344	49.3634332157827
102.34668387145	47.4323231560498
101.079743270306	52.774914602367
98.2231027169132	49.7076296287356
97.4301397327164	48.3738564201415
99.8919881606189	50.4312174983922
102.331579427819	55.3734287079739
99.2144786068189	48.889545393308
100.733703558007	52.878015467399
97.6838134887634	54.1723770314487
97.3959951980109	50.5095883980028
99.5942116085178	48.1048806924924
99.6881785797044	49.0893332777246
101.736522909191	50.4426680014973
103.082950025421	50.3116291007228
104.950413333286	49.5384185647051
102.895371148617	48.6427917502494
97.9605898935865	49.4851918827812
99.6980915268272	52.2371474990965
98.3371066570886	51.3856443892081
99.8249606718168	50.7704289379627
102.473880090422	53.6259576507935
96.9979854474703	51.2362198255712
99.7313162247354	47.6894082830908
99.8718633282233	51.2826826485625
101.258068680425	50.814669218037
100.266754020603	49.8736242980884
98.0747694098307	48.6457186398569
103.157159223658	51.4761381065649
102.358438430907	47.93789737555
98.8015028538205	48.7714822153041
95.5631093619499	50.7702529926757
98.8655878966219	50.1154528478403
99.1101604868531	52.1505465986941
98.4979426527003	51.1263875286658
98.8483531714904	50.864164821964
100.087479662245	50.194871870785
103.817643056164	48.9729687384351
101.44810267259	48.3436009833816
100.255514385569	50.391699465088
99.5138534378339	49.381563648988
99.1249552753086	52.1864870043307
100.732411652868	49.8517056321853
100.746423616055	47.7722595602681
98.2195929691	50.9594194254565
99.9263481143395	48.57210555112
97.181305451239	52.95392077414
98.4423296947003	51.2704865573282
98.9554953504172	51.3709971270434
101.759154183167	48.6003733229619
100.790384201971	49.4495901815764
98.8977736560012	47.4002353350032
100.094071064697	50.0010530798623
102.788854720223	50.5504620763929
102.412059211627	49.5763661286326
100.903454266265	50.9709414005636
96.3950883390288	50.4043038230733
99.2806465177881	51.7396291815958
97.3443010722804	53.0015927854965
97.7270455826694	48.4631042330483
100.393701745534	49.5740647903985
99.8150955246799	49.9862458158036
100.043729434399	49.298394152192
101.07829276489	45.0986130254345
104.320427909008	50.6737863139184
99.5895729193975	48.9698185685281
98.5433879343461	49.3214721655235
101.377639022015	46.3991951743301
103.377226295507	49.7766823663767
98.8660268265436	50.2138097403827
100.436016431469	49.1584081890447
100.130384910246	52.096982130893
100.6035588261	53.213248568364
98.7625473926939	47.9823936188816
100.784265599607	51.6782594049277
104.507080677571	52.2408477895348
100.550888062318	50.0746724618861
101.848161207677	50.5989649207574
101.00873613231	48.8947086663507
97.3545618430744	52.4869599248656
100.849007649746	49.4891235350076
100.019511236692	50.1432292722191
102.882961806139	48.8875742207626
102.119268808849	47.7951463970341
98.6771781012789	48.6610562542688
99.1098318519986	54.8072892194376
98.5493330500872	51.1761873822402
103.438970441921	51.8469486062033
100.271440066539	47.715721438943
98.9039750299334	52.2997214588425
101.060516252135	53.5205827648403
97.9655858879244	49.4996762284695
99.0674170790947	50.7348765545579
100.414706771127	52.709036154467
102.153179385357	51.6986329428339
99.6830901793655	48.0430697116568
100.630634915844	48.7565551045288
98.8183182959247	48.7369285227556
100.850540198471	49.1236864761605
99.4467047685182	49.0669344712853
101.073396342697	48.0875102631573
98.6492898204215	49.0171939723044
98.8886405468834	49.0534584781566
100.674883787205	49.0573820789648
99.0149218081171	46.3928112767472
97.4057806316033	49.6105151249541
101.372561974442	43.1598149932978
99.7428279672447	49.7185104452338
102.184311290031	52.7830509665236
96.9718962082815	47.1506275349044
101.281799742307	50.2264260281734
102.577704724345	47.5763021269527
99.0169626497878	51.9211305391101
102.379134106354	50.9352775499289
96.7070570362896	50.3036744968872
99.061547629026	51.146368897193
102.629100412474	49.02651693523
99.8082709809077	49.6192519597378
98.8229977364731	50.1987856857695
101.667226987436	49.9956129463341
96.1241132388507	51.4117383454738
100.334595925465	51.2547129150069
101.676747576964	51.2307889195638
98.8308876922267	46.9887540568895
97.3528307300784	47.4539890671857
101.336641076262	49.6968196063255
97.5914120492161	48.7352504145016
101.365785696525	50.8556156680383
101.064960421209	50.8086545057915
100.874783956454	50.9818592151738
100.032143073482	50.3164106185418
96.5561798601636	50.8827395871201
98.9817664287699	49.4762936481431
97.1378744909751	49.4302807005549
100.477235131853	49.8010038350273
100.351397823829	51.4042303577963
99.7336453611185	51.8235909144147
98.0563190018254	48.075103879362
100.007596357132	52.3711889247362
102.893826993653	48.9052274326415
100.116417547708	46.0025925168944
97.7779296836477	51.637963499317
96.7241372461089	46.7655631620217
99.3071349197388	50.0583407435983
101.377796047166	52.6301867198356
95.8519273347787	50.5028833526034
101.323035360084	47.4469416901531
100.805174456466	51.4065390397536
100.915732817255	53.8961423314565
101.734151940254	48.4164008388177
102.180826611229	48.9069703256172
97.7267346093937	50.2431858228464
99.7870354258875	51.4097411817212
103.129166617362	50.4405430211812
98.926425454382	52.1692655265507
100.398309148711	49.4530558394078
97.6912826548675	48.4680218286236
98.3471448397505	48.4273276934034
102.749276919106	53.6947972812013
101.394238987169	50.7676167862601
100.782709627044	51.443931730526
97.8415024175254	51.6496218197856
100.257700443544	48.2839347482073
103.211738167477	49.6390776470974
99.6037597568114	46.0532190588914
101.829167610104	50.6779505806609
97.8611091767948	50.5724523517541
99.8696092855558	45.0699275899183
100.804523361918	50.7457129882009
100.246095289324	52.4134271519116
99.9199353634193	52.1940433598679
97.6889930282237	50.0476062448242
100.506316189495	51.1391029108192
98.1858124030907	48.7918766356464
101.473416111325	49.226912655086
98.3074872190696	48.1288804570053
98.4619423363472	52.0193657392783
100.934439088844	49.1750887969631
100.568679238322	48.3784702658986
100.43977712223	47.6147168000935
103.033802325696	51.2425883217115
102.57412907426	50.8499949919618
97.542791824302	48.9029076348677
99.4022578275904	50.8423389384209
100.902846466887	48.5781265314978
101.115803439774	48.8747579048487
102.007166592162	48.9652463446202
97.5938421045766	51.121165556675
99.32759273691	48.6516014768443
99.7295532709622	51.404105680955
100.39582870695	49.1469476517722
99.6754144443095	50.6858010056889
101.839361994303	48.8210944688205
97.497710568516	51.8781746068953
102.239323619217	54.0900938649009
98.683219816629	50.9347357824798
100.695381136911	49.2564056840843
99.3441647482143	51.8769937273836
98.1843128204606	53.2247648356469
104.550464326561	48.5967862998156
103.152739667248	49.8640761491745
96.7792281029091	50.7441327898152
100.652871806805	51.4762093259603
100.504920635395	44.1801753295307
94.2472272775586	49.143854717293
101.340063024062	53.2070773309954
102.644177088925	49.556572795547
100.662189543365	52.9604735228694
101.050404676008	49.201877391382
98.7318346420611	50.8247109765589
98.6451038823889	51.1873413665462
100.910941239433	49.639136934703
101.680817389396	47.6852863815401
103.431430546551	52.5115271528864
99.9897766064833	49.3446725413392
102.05177494898	52.1678444990592
103.985499640205	51.6424812217329
96.9849545874104	49.7393663099801
102.912023262084	51.9892413050546
99.6220397215851	49.3441877644641
101.415710598709	52.372949336409
100.088643169291	48.7555472072626
100.908060396113	49.8764047836967
100.850573590793	53.6554220270411
101.243439771893	52.2140121550148
99.1442815943018	50.6273003673986
99.375059597835	48.0017215164728
97.6129657484929	48.2720279047008
99.1978830534226	51.3262591477536
100.645425814283	51.5320422426079
101.215541075598	45.8579718830127
97.4941645082865	47.2597997572534
100.701704222075	50.7926849209121
98.9966368525327	49.283813219212
97.5612494984015	48.2061696769736
98.7238597495172	50.2347245972122
98.0603073702092	50.8452138778752
99.8972109553847	50.9132084882433
101.718832270066	53.5974927083125
99.0426819433737	51.6286875848324
98.2049394934237	53.2833952400047
96.9894622524755	48.6139996913166
98.5220735768925	46.8283834700555
97.9303151218982	48.6628989250843
96.9063977210563	51.6577793608102
100.943864507581	50.6064993576512
99.814499735303	45.7477607125005
98.388707863551	51.7113545198328
99.7961821039632	51.2612113740698
98.3309401193786	48.2012256588401
99.6735569023217	50.4556939412939
96.6895715654824	49.8630051206688
99.54187737408	51.1630886309449
101.176397694792	50.6954975762858
100.241044159285	48.9701384524507
99.7077311975301	49.2722210700238
102.278415788354	47.4643782173623
98.4039085500381	51.5749242529729
103.085522331919	52.5886130068456
100.655067223128	49.9176553578272
100.711962678531	51.7077808616414
99.8009107324202	51.727075580177
100.132289754764	51.6835964229539
101.128811966691	50.557685045839
104.398804509664	49.5737404981933
95.1083912117701	52.0703794624759
102.85972900167	49.9239953622734
101.705055072844	47.5085431778103
100.223625467867	48.7291087578737
97.0514139300241	51.9029531103291
96.1203921655272	52.0848533828898
99.2390535401051	47.2093821365317
102.396876265218	47.3484836150517
97.946854252721	48.0664144634772
100.435202046167	50.9168970152492
98.6981106867638	52.1851669358449
101.022339144435	49.8573752572776
98.6246742494376	50.970141211942
102.338855171925	50.8616455016299
99.7607038515792	49.6745133227428
99.5904211070587	48.8086062919909
97.5718869780242	48.4435343723998
98.8074644407697	49.6793572860839
99.9592124468456	48.782511649423
100.428409335524	50.8592580592201
101.34720986101	47.4004954835768
101.561325102693	53.4426641611011
100.962063280098	49.2940928380794
99.9072569681544	49.4007624198811
100.136421488426	49.0107992397993
101.757363166441	49.5806185641638
99.5952747121954	49.3516092861998
99.8923873959352	50.2444009590231
100.310728679776	46.4715353729872
101.176294246157	49.324202291789
99.0762198161783	48.8204761884718
100.813822987264	50.0602125387095
100.163424993294	50.207191346294
100.858377344709	50.8289635097265
100.062831001459	50.1288927592727
101.694079635301	50.530133512219
96.452727757148	47.7099291541366
99.5438831850727	49.3325148236221
101.968400055432	53.6890435220271
99.9919977275718	49.6576615776626
103.792514309295	55.1777695740808
98.2307239308321	51.1568128036316
100.278996407182	46.96493877333
101.093572633853	51.3674621259285
97.2902923205692	46.9702242390103
97.3363534103386	48.6798741066312
100.425616207261	47.9297819771006
100.972874198949	50.5238901906509
101.881936122754	50.8784637616303
103.073466216922	48.7466554428281
101.199613783772	49.4953744904849
99.3271591107941	50.0668491062232
100.825414091013	50.0750605148376
98.0000270659142	47.2705748301801
100.302833574361	48.6406696711444
99.5056038127693	50.5667365262614
103.540288518753	49.8454296761934
97.2791196104492	50.1945861182769
102.272657426494	49.4569858947356
99.2303827140017	47.1933297777456
100.438733891669	48.3065681657153
99.3484983773555	52.8768123195597
102.029607288891	52.0117985034158
101.728204065304	50.4771868040437
101.804219313837	50.4166708688378
104.033364035341	46.8201485978958
102.802260900701	48.7604615740891
102.363232547213	50.1863664125739
98.9364335000858	47.5283392149018
104.827073328721	47.7640606686564
99.0521900192083	48.033236896082
101.336089851316	50.4650474244809
100.31595926828	51.6027158696054
102.37318862861	48.7123140528856
102.118456714203	50.711928989784
99.866241628283	47.7969759168686
101.38913980685	51.3129243426789
99.01035912102	46.4981342438092
102.401963611665	55.0670036323551
102.960958299719	51.4068705183225
99.8359852978548	50.1508792128544
99.4125821399115	50.7324744738588
103.614394925762	48.249841140622
100.445218128838	49.6910570450536
100.704658922834	48.0904201783574
101.265059171121	50.674155368383
99.4232473367562	52.4544702685022
103.011663190334	51.4886709023324
101.621535742471	49.8013599927442
99.8075385668881	49.9567374920832
98.1088976396393	53.2263258925829
96.8034118759016	47.0264522249278
99.1394383755862	50.764035322275
101.289149889885	49.7771541656736
99.0314602107294	51.4924546220865
100.262330251124	51.1122708968576
97.376135430236	50.7791744092073
97.5904997981145	45.2855898921012
103.463456105309	53.3777255911762
100.754006945523	50.977799532358
96.4031101998781	45.9086681707458
98.8076626860604	49.512831358407
100.181632485437	49.3248321834488
98.8344138843528	48.4980206069967
102.938163808466	52.4110947430926
97.7220084861056	49.9598946754287
101.996095973708	52.9923103279126
102.471648844762	51.7507168026553
101.852376648182	49.6935180076486
98.4830216786524	50.5665092119436
99.8686526707913	54.9863077889232
101.219627556518	52.7702294259363
98.6775903550108	50.8885899234768
102.59426394098	49.8140470875512
101.538038381254	46.2553526850965
103.065164833325	49.26468061235
97.8538665395164	48.1075513515217
101.76230793773	49.372940515519
97.9025059385153	48.4498039614536
98.1988884993506	51.0643034706976
101.62569908194	49.1268316343584
96.8222390462631	53.0479332222449
98.9256575083261	48.6773652757076
100.6536802827	51.4039336816582
96.0275586391622	51.4966859586107
101.081121680537	50.6101037179851
103.188301042178	48.3161042142326
100.456694750897	47.3835699013209
100.502845296347	50.4505597053968
99.788126127698	48.552438537835
97.7121093105089	46.4520101863781
100.177029199402	50.271858236833
102.41420614068	52.1677108648119
95.263409905936	48.924845211648
99.3819089356287	50.0044122345802
101.806897506259	46.0701084288688
101.855401820495	53.587000772605
97.30282023291	47.5688948176101
102.511834618052	48.5019031116962
100.644337064006	50.7567635092602
100.041960892696	47.9666222036119
103.68787853116	52.303914958769
97.2403740534518	50.1142264191963
99.8026862302305	53.4546954803925
98.7983555319399	48.3063700348197
102.460762426074	52.1268313156214
102.082313408399	50.7919676376212
97.490801798376	49.2679985775443
97.8509267141719	50.6643805876671
101.693295690564	48.9012620267989
102.458642478289	50.8190859982929
99.572227724945	51.1823756374348
101.93786232523	48.6091751916857
99.4847855981616	50.5100309231974
99.1395195163552	48.2401447438301
97.2892555155828	49.4430448402162
101.770731871632	51.7700287726826
104.067909019985	51.4160671571877
95.7498470067413	50.1273733829477
99.5207884739646	52.6392967956306
100.870530382018	51.2057563759348
99.5676765688934	49.8616494242371
98.943802771036	49.6806417844094
102.065516454138	49.5300124605002
100.880030922084	49.7066412285481
98.3239647767272	50.4078664937804
102.312171478838	50.1349771231516
101.121060091593	53.9789915185693
99.1469408906133	49.2115306054724
100.106716130244	50.4276999970013
98.6090414036921	47.6187620280462
100.789775215603	50.1909235135561
95.970809579819	48.4053243363978
102.707357832361	47.2416936893617
100.367329352538	49.6827977586659
100.399956393031	49.652401609013
97.486632571595	47.7286117168844
98.8537869121206	47.1946525410431
104.4858068227	49.484848385882
105.634474677314	47.9199375791947
98.3851640158969	48.485024692318
99.5435393579031	52.8747632280114
97.5606836587703	47.0187014607174
97.5768974104649	48.7309817264532
96.5327353483898	48.6016635600276
100.116486175871	50.8057910917246
96.854127699595	51.5898684972039
101.296136677609	56.6139298210699
97.3623133776882	52.4659665290184
96.8581171133733	47.4740176302435
100.547594982351	49.4229026444376
97.9346661290275	49.0679762561555
100.690848195201	48.2212585936759
100.932115314485	50.0601801892623
97.2897677611132	51.7200607121796
99.7178989030073	48.1249755824162
104.659217092374	50.1397539315868
100.372255685991	52.7164717706227
97.7489200084931	51.2843620827324
98.0379138736206	52.0983076815944
102.217709218863	50.6283622903757
100.058632773857	46.3330002137059
100.100836763832	48.9872083547328
100.521015667605	51.5016590787329
98.9793840858624	51.7034685644734
100.028652815713	49.7169370569057
97.770946068666	46.9655932682203
101.097273603671	50.4371994089551
96.7379820482057	51.5855727298628
98.5795516339369	47.7890697960151
99.4532276871456	49.8805158119202
100.399180583681	52.0879701326523
100.874754984003	53.4999850348715
102.429014689885	48.7666670711511
98.5685834395267	47.6113386608134
96.961850893127	51.0296615915843
97.5318123712062	49.3682169038329
102.258126401199	48.402365535862
105.161443771552	55.1558234709549
97.3051252524601	51.8978730191052
102.971099306601	50.0526203973182
101.909230826799	52.8499062049452
101.005083129218	50.4834640934296
101.013845012166	51.221920355004
101.733220110184	48.3220833116094
99.834160013173	48.0886474926274
103.214579990649	51.1702858206938
101.838741500473	52.7476829577721
99.5305779243155	49.1967357997169
104.106808791571	44.8780989511516
100.476812672725	50.1830405971369
99.3395041114683	48.9820826773759
100.822024221216	51.9041229527894
99.2952856849122	49.2741748888367
100.285056943518	50.7716148316298
100.700539910662	52.9962708909466
98.7550224563863	45.9819616520886
96.8502985134193	51.0942431554929
99.7650367537556	50.862833727413
100.403746634718	50.867025892896
97.6753522830747	50.7545720655663
101.607342862973	52.6189780408129
101.097196863044	51.0552953167183
99.3135966070563	47.3216093412039
100.866722889552	49.7041138867928
98.2003329647508	51.1101008890352
97.7736996892281	47.701709216871
97.6126904652186	46.8284874322437
102.175271564401	48.8434169916322
99.7913553384365	49.9232680608181
99.5294883815716	48.4298674783124
99.7086747041565	50.3090160406848
98.9825662718964	51.150552807486
100.355502410876	47.9993070400741
99.0176361881713	47.6312456274163
100.018862090816	50.8764263514688
97.6727605711482	47.4394300743065
99.0148651642465	52.4699452891994
98.880623785335	48.0284546194741
100.539795000236	51.2367458507858
101.071483290973	49.6734044923287
97.892571179146	50.8509728195092
99.6593972349566	49.772022713152
98.9584803328223	48.3675221056554
101.292927215432	48.5311156728667
101.935880273244	50.4801737568488
97.6583189892798	52.4657426130985
99.9435969129506	47.3779377148002
98.8264554204112	50.9092343117978
99.19351313854	47.4453660596612
99.8689481859268	46.9692122998588
99.0225647965536	50.9088388833909
101.207565879259	46.7897439298407
99.0149230974888	48.6971653188821
100.812045911573	48.691136837342
100.351779126023	48.9937185459501
99.6328775707191	49.883058281072
100.743288866236	48.9745726303972
96.6986289118248	49.8036567728916
101.360467841428	50.5987932305703
97.7173572425892	48.0470397009426
98.876251111342	51.4810372999065
101.560435614711	50.8970287540105
101.204447449503	47.0958143556952
98.7896843514994	48.851698074513
101.459150338649	48.534360286417
99.0462743371409	48.8802003694024
98.8771037600247	48.5925038942762
98.2944229103733	49.2804595908935
98.3405215109237	55.9160297621659
97.3715717818058	51.837239339644
96.4777706393694	50.5869681439954
102.60417306962	51.4996845166265
100.173805378857	53.4878306460719
100.836125989574	48.8855209747071
96.9996716197175	48.7798811902064
97.5040379363278	50.6608208902849
98.3158347465642	48.769446112716
100.388715553976	53.3718770806517
101.494357687589	50.0468988692468
98.8757764015906	50.5521991868467
99.7864793460014	51.2882231274257
97.7273915869895	49.322506803855
99.9236566979116	47.8638857122596
95.3078727525569	44.1349376014498
98.7211055002634	48.674163692728
98.3524890280703	49.156899655463
97.7184914453041	51.4419435660233
97.1412122721089	51.16382423887
99.6739095702732	49.0099309565922
96.1214249215778	49.3023233889459
99.237138395313	50.7408705121039
101.309418441946	47.1261219913648
98.4002311784175	50.7180791290812
101.892411843336	48.9805115336853
100.54841843159	51.5228291896937
99.8259539118642	50.4338290297442
99.6495765282506	49.2817887237863
104.493025950045	51.7851046316419
100.671991826047	49.7914923655831
99.1774432280846	50.7822441955922
100.203275924403	49.2288443067196
98.5763207769525	48.0693126104784
97.5348442586979	52.9502108747982
101.867065599558	46.5742901991252
96.4242806239262	50.7442232705702
97.1505073302626	52.7694248553593
100.222100141161	50.4908653764501
98.7678555465336	47.7535631706941
104.501888195141	52.0469254891853
100.38674001019	54.2069380416681
99.7680334737902	51.3381879694936
98.0527440815242	51.1398311607657
100.58772836841	50.5146682392375
100.964213763238	50.6105887355972
101.140994279544	49.4858280665403
97.5767651767879	48.9066012299449
101.82441163099	50.1181995574998
98.3601240925557	53.0727430136074
100.06852260717	50.0984055219494
100.33786391013	50.7295094220449
98.5976814218376	50.7026403712029
99.3468946262292	52.9939776457134
97.8549122164697	51.2841631296869
100.224690118296	50.9212402568276
99.8071160161648	50.1173819512239
101.056431594057	51.2215013151856
98.1800491090643	51.2243952189322
99.2233748933365	48.759220703675
99.5438491595373	50.4566630161736
99.6348028071695	51.2732111810404
97.4948631824054	49.5566029509764
98.4317446284404	44.8172380720786
96.7650007043908	50.4226208932046
99.3693288115019	52.343734536665
99.1041461383005	53.4126172742839
102.397685091058	51.2127643133389
103.346097223874	50.5371447269202
98.5226334905781	51.5875994937741
102.03267001291	50.8657821947072
99.8207788245208	48.8495606111915
98.3380411879456	48.8613525114429
100.510539568637	49.4675339173244
98.5339110447706	51.6773695947594
98.7574890131341	52.129482283846
96.1090864303344	49.2899389030817
96.0625857225774	51.7273968197126
102.123529574189	51.6913118708977
98.1464113091578	53.2828540682281
98.7980614018932	49.168892700091
97.3467017898667	47.4055963588815
101.674096670905	47.7037794456098
101.388095543709	55.5910681298439
98.4854764514308	50.0428937724011
97.6664831067658	49.0896389362178
101.686845055402	50.5416895493501
97.6753787778951	52.1016487424219
105.229896809348	50.0918686149728
101.388330462478	52.6886498958095
96.7093503679121	51.4346319786831
100.964665715926	48.7101278255301
98.9000614824779	49.834598890279
100.30152377323	50.0578433708836
102.47630512008	51.4393789511329
100.733013407248	47.1306668316079
100.25295770452	50.2417849054522
96.9472257663594	43.4284814577833
100.836725086078	49.0862092834174
95.3028647814665	47.3252640069195
99.9578485965003	50.9838815552497
97.0157062079656	50.3748945244025
101.045956543692	50.5223949954661
100.499402469934	50.1845431337222
100.38189862105	48.6494779199431
100.313561240236	48.6247663683862
99.8570241415904	49.7587380687282
101.757979134142	51.1587796497373
101.593231862066	52.5712787760503
99.350131282355	47.9176237022508
102.719347836206	49.9965845573875
98.0457523268344	49.6905290292741
101.184930658087	50.4796049439167
102.268066094169	51.56322289147
98.2853795990122	49.3830815670093
104.037155016001	51.601660420489
99.0449119212341	48.9073639446868
99.3958742877687	50.8246672643705
98.4375116942595	50.1368669943517
102.102276061882	51.057802248037
99.1586574374801	48.5788261829206
102.108725430251	49.5577565029004
102.587298726402	47.0926434924637
103.468792943582	49.5375764798954
99.9023319176452	50.2249310906565
100.958094735566	48.3454558942044
100.065528067098	49.0532208939447
102.480972590483	51.0626029646157
99.7808237530367	47.1158540856521
100.445445630857	47.6973959402103
100.147943645156	48.3862083088476
101.021472692169	49.9913560451948
99.5601962259752	47.1456527334311
99.564271562811	53.7892447066682
99.3796536145206	49.7348827315426
97.428286323475	52.689871799453
102.979883529911	50.3475432737702
100.820400593153	48.4203598339817
100.165307785048	51.6259194830283
96.3201405120677	53.0915684543902
102.455276213735	50.8178662634509
99.4790219605055	46.9443062437646
100.021140682743	43.8331357565508
99.9777266904089	50.5942137882002
97.9788861832868	51.989266348362
98.3476599161809	49.2586711039638
102.407904599773	52.3408661610532
101.222362784904	47.2705355985181
100.846781888244	49.1029248380052
98.9551815129448	55.4919433709095
104.30812484671	44.4825043909935
100.70971066906	51.1752630170845
101.653493381015	49.411417035333
93.0377445891435	47.8359681858809
101.828647988414	50.4288660592366
98.7262202747951	50.9637204050995
103.941864445086	48.3976647812129
103.19664578168	52.5485355579345
100.858390767562	50.3469235997769
102.26861655497	49.2372135518241
100.053980715086	49.141509885316
97.6701314780998	45.5774415131538
100.880959860484	53.2732132628015
101.602701693398	49.7388806441297
100.456726503145	52.1056021050774
99.6218089892092	44.9393789874703
102.915841530995	46.0924151337856
97.6359738520633	53.0895771402177
102.323870225004	49.1540541191496
99.7481770852617	49.1136679854239
101.915719740681	50.3591576971687
101.507051666667	47.1931360594222
101.039596293396	50.7348901096697
101.902748764821	51.2015175524933
94.0701606286582	49.0536099989411
101.325999116966	46.7387423843246
101.325811747209	48.5963466857705
100.326315366001	49.2895081837719
100.619146898264	49.1313962562383
102.832896515314	50.5771386603735
102.874419052623	51.496653349752
94.8217670669797	48.743561269418
98.9751728357016	46.7674681867597
99.888034693262	49.2945467298558
103.59931695984	53.0569149425222
99.1270431744941	54.2750491449407
100.443838182812	48.1820466021873
100.029299136251	49.3654362668333
96.5924314747791	49.8643553333375
102.670810463607	45.3339777676181
98.2702608750221	50.4465710483082
97.231528511958	50.0233162882486
96.8534124055365	46.8808458778828
100.588816512152	48.0037224378578
99.8314962583051	51.2538733797892
99.3296588868466	48.0445942193175
99.0863670018867	48.4570497211455
100.241422812172	49.3042287408531
99.4402409426409	49.5926564462208
97.039744522662	49.6790495680544
98.5442147416452	47.2912845446437
96.1004254641289	50.4709767275643
100.616093562889	49.2492087156981
101.99069236348	50.9220806787384
98.2237593518804	49.0139665549326
97.2727548018583	48.2421966530285
100.749663862031	50.0500890516087
98.450283845494	52.5041035877278
100.341197697149	48.8803156482224
98.8021853515567	51.9055122841471
101.280551552514	52.182346755817
94.7213911837755	47.1657845321617
98.9917401298856	47.7610856053808
102.94122683906	52.0217823935662
100.17068378265	51.9119102905811
98.0025102706144	48.055263214712
100.832608724681	48.3178856349955
103.086999461909	48.1173090289521
100.7277071645	49.3880930089555
99.8195855345994	50.1360781253264
100.197750151559	48.2214942443663
99.6413041604965	51.1586786508301
97.6803498979949	49.7240421547674
100.676847385107	48.0975916342681
99.5414013421469	51.1568120238679
102.494692050292	50.8622987730874
99.2592695295646	51.459572895909
97.1088351849395	48.4103856459537
100.696299245233	53.4307861861971
99.1565239372179	49.0117585495814
100.396052851979	46.9681721687923
103.561154624108	49.4325618711014
100.895944938057	47.2263329091805
98.8926661630445	51.4541477223925
101.738593529282	48.9865714313882
99.7692990320379	48.1358492149937
100.577720217854	49.0868706734838
98.3030598330735	52.3081324312304
98.4620417766857	51.0183473764553
99.635317493867	51.2266577380775
98.7178021784937	50.835084390476
96.1597501805863	49.7220746112252
99.8656668688511	50.4100792729702
99.3618023104455	51.8353421363555
101.07947975788	52.5848560024876
98.6209968270015	48.838690772159
97.0017381472737	53.6006366352989
99.3674827769875	49.0136995013989
101.34047506523	48.9583120955628
97.6583973381367	51.8495540186125
101.005640680953	49.829947771587
100.877912988847	50.7131118858355
99.5472605182868	48.9954474513219
104.25285475168	52.1979868773728
97.0254418534583	46.8414143208539
95.1303428027888	51.5439345229058
97.9490734312229	51.6496362717217
95.1330807117595	52.8853859370098
103.849906355019	48.4029179810088
100.700353267589	45.8751238281297
98.5341985436283	50.5471720047325
99.1828015731903	47.3756834873071
97.4919335804835	46.7343137471149
97.8144187018879	54.2617989862716
98.0677685990096	49.2282363758608
99.6759066731936	46.6669814019577
101.685990962375	53.0375512223506
100.391806578483	53.6962278883123
102.019521162539	50.2332036854568
99.0124442859655	49.7428219872096
100.845432368653	52.2034026872566
100.143460661297	51.1220924951224
102.721279006968	52.5294798885375
100.344760006706	47.5388924049037
98.7390883216771	51.7073999196824
103.766641737182	51.6821825486033
98.9248690207562	52.1712133708794
102.013500321835	47.9140414581732
99.1972222888843	48.8220793485274
98.8996519263435	47.2716531778564
98.0056665917395	49.369126366666
100.467159463576	52.3953453106737
98.5613301622853	50.6001388823026
96.4453276072508	51.9753636158942
98.5306099398173	51.070617217974
99.0899972352959	44.2737572804309
101.963712275342	49.6326909294536
101.635493883203	47.3572834020221
99.2723294785523	46.5384697797148
100.151656759838	50.4919273757519
101.897789127212	51.7171104095686
100.049505788223	51.1542571954757
96.6443767065242	45.9382784884012
100.36749923889	50.5607593999689
100.553012404566	51.0420750712989
100.609366377628	48.9086842940134
102.478261032631	50.8464774373144
98.9568981682235	48.8345268950911
98.0264212513012	48.0780838753255
100.427660418596	52.6945133618668
103.500138076867	47.5275904293205
99.5367341572671	53.9132577007865
99.5573765878389	49.9828919059969
104.219592533412	51.0321856616079
101.204388185455	48.3158774311112
100.664483498519	52.5998116463656
101.455066502957	47.1331681592162
97.8058246551039	48.1117574327605
100.650421558231	49.313886566802
102.073707135621	54.3856398666241
102.042107190856	51.2261377721302
97.9494961452816	46.4540989209328
101.198476393427	44.3105858498092
102.245422503926	50.6995723189522
99.4183388269148	50.8333651012723
98.8970771431069	50.1629022773905
101.656066218877	47.5078678503208
100.886679160314	48.827170484375
101.039065366703	50.5964756059382
96.6536952090102	48.3316278313767
99.5846565708896	49.4914003818199
101.747003062954	50.5147544278381
98.7340698100118	50.9344952922658
102.263240122984	50.3327785986247
98.708875059653	48.9528580563924
99.3427890377987	54.143071151709
98.9896473627325	49.5856537890413
102.228006784769	49.6615883126348
105.01762077035	50.9397718392731
102.807047761015	51.8466997802918
97.8663657298822	50.6472701278087
99.1853557660697	48.7262537672622
99.7692909388649	48.6560773098643
103.299496116223	50.2394603553186
102.491307332195	53.2794209775053
100.00841482766	47.459968080045
98.6835763736132	51.0606606559872
103.205617636152	53.985260513521
100.275092638325	51.3153311141254
102.472957611041	49.6990031825424
101.190623551225	48.6245138331321
100.702220791922	49.68950185043
98.898836719941	47.5839114574257
101.494922051718	50.3710565964867
101.363875774916	48.3636635603549
97.2646435274618	53.1440655028967
101.271117816616	50.2227816127856
99.2337845108617	49.1597496238777
103.761094104503	52.5117286398881
101.169074279558	52.1475719611685
101.058965198966	52.1571508231833
101.412844373997	49.4868010553303
98.7057276680223	50.0097005986686
102.117321054752	47.0064788789458
99.6875109981848	51.1399521085562
98.3372914125733	50.6363202330481
98.0609321003591	48.2138491265973
100.119667882377	49.0316672823277
98.8382699513755	52.2014948706004
100.57781829624	47.5991711218727
99.0212121428807	48.9645113233349
97.6412350282459	49.5654751915666
95.951561295482	51.7879409244118
102.619344865401	47.8099966011707
100.127691825795	49.1333123038657
98.0977922742562	49.0215106190653
101.828383076789	49.3421550097367
100.143730084053	50.8658441293016
99.6138465915349	50.2755340116206
98.386152726879	48.1515368447355
100.015827547765	50.6558538710987
99.6865309783536	47.8188271139137
97.7210274438582	48.7258752364264
98.8956499652786	51.2261475927585
101.137598510745	46.3854962291114
98.5387024645622	49.2620930161646
100.195609434451	46.9968401608934
99.33100102345	54.5128844164068
101.40710557549	49.0456188827544
96.6572735736025	47.5004390259081
102.028405387313	49.4498379022727
100.370002709353	46.5560879124757
102.341815738081	51.3752883827789
97.6790633452514	48.9519047134272
97.1967470420329	51.4505078981042
103.754452258595	48.7361097142002
104.380484263671	50.4097477176729
100.223833100715	49.2044413816914
99.7674735720849	49.3819298620196
100.273356320958	48.6529906613245
99.900432788232	51.017430408117
104.068930345525	51.656315372137
101.532786976754	51.2611425312691
99.9505819153028	50.3407260199655
95.5720829148904	51.6942388772391
98.5424979454051	48.6687744323891
97.4642383254488	48.7839442714304
99.2308743821292	48.2568460171694
98.3361531918844	49.245019525351
102.449018195517	50.4848057378823
99.4741590939427	46.4637306135368
101.521659157166	48.6131711077162
99.3691850142192	49.1874005888066
103.397550780265	54.9251191813725
102.892250758203	48.8212806402967
98.3237415587988	52.9748075460218
100.91163669862	51.3024258365373
101.930574919451	51.7949402517766
98.5172431487994	49.7846389078174
77.1173137835678	99.0523439858957
78.163742098534	98.6360148938872
77.1705424587327	98.628900787142
75.3588288026623	99.929239056732
74.0804921764446	99.8133487405158
75.4576324968727	99.6554905975873
75.1989685821636	101.682511506534
75.7091130060828	100.199451008406
78.2421272223764	98.7723782545714
76.5904865773992	97.4911909639972
72.4538397734482	98.5357866666669
72.9193260433015	98.3418245276292
76.0798498569533	100.412296597465
71.0577523470706	98.6949926229658
75.1991221769716	99.7961887253553
70.9195647267645	100.367384485983
74.8652495369874	98.8046407918142
76.3938068399917	99.575277811588
77.3284819772868	96.3267646216029
77.7959313185334	105.650236001343
76.7369822723748	101.518315251985
73.3489991548952	100.02092786884
72.8836782224582	96.2980116415403
73.6417789222433	97.9773941330214
77.8119721285449	102.010391122179
72.5906265102539	100.269611317441
76.096727391278	102.735913096606
77.5964205514113	99.5774279128721
70.9678327327819	99.918894754235
72.570750646991	99.219689957642
73.33390970447	102.550244020807
74.5486006121438	96.3095988575358
75.7901706408239	96.7654840994175
75.7967104266602	98.3966160127417
77.0287256346107	101.013358785925
74.0461467610102	100.207054124637
76.3391726508185	102.477771329719
77.6941948262046	99.8528007808251
77.3963106867008	98.8031266865188
75.9094580918654	103.678400526679
72.7095682623056	95.821623149036
75.6224682733475	100.839157931777
73.6484618511046	96.7082402511591
77.7868252695867	99.7839178407203
70.9025929680111	98.4840654139638
78.0462236321107	97.6821074389503
78.630655073269	100.684754789412
78.2386436545923	103.206483487737
75.5195708091426	99.2782863546947
77.4084411363314	98.9358611131587
76.3959491141885	100.892333986346
74.8557897128466	102.966244485805
69.158728932404	102.443479786777
76.1676209743282	91.7593290267347
77.0287962422151	102.302871901185
75.1835796781491	95.1036113755074
70.5639148951912	101.34628175617
75.3664467273992	102.39147545199
72.4682691235558	99.4978371549895
74.238234435318	98.7735737722406
72.7723217431155	103.316244054908
76.5018458300077	100.012902290478
73.7334061622246	98.6731365434187
73.4348314986024	100.919509338051
75.1602957867832	99.8357607265866
76.4869408631621	93.3721700560005
75.1329894171717	99.0632577545159
77.4589790522891	99.1674505868006
76.2766795217489	98.7189758421848
76.9988233344614	94.1865941410416
74.8326562228861	97.8875745035151
75.3569388560384	98.2151984972687
74.063867210505	102.259130145188
73.1944058013608	93.3122019667098
74.8572390778112	96.7230910440994
75.801404004893	103.162602328613
72.3484371253333	99.5015597395219
78.7966051892585	102.095800497159
72.9587163740133	99.9802742687658
74.4193655626582	100.014758439001
76.7028355410132	103.4648386273
74.8333837793079	103.941901341239
75.9332394538635	99.5717573925302
72.5527624047744	100.322060357053
73.3194259207688	101.155676212363
73.6960401110116	99.4759382806341
80.3680234677019	96.5279759450869
75.942432513058	99.3396765588311
76.931097616984	99.4468954121936
75.6583728230581	101.664845919075
77.8890114876967	99.4199953680645
72.8794056690446	101.180660749302
77.4440244215509	98.8811089563107
74.9971555252789	103.040164244526
74.1874908243128	101.504227342228
76.8244761572719	100.491794013613
75.3588206885488	98.2061606412816
74.4991434690398	102.25167510157
74.0085100895589	100.210715774233
76.3057639119864	100.281036619422
71.9753582104952	98.0409183996479
75.0978603652806	98.3943581727884
78.6004670535913	100.16054676086
75.2175587744084	99.0322360805455
73.989353290284	100.530121343782
75.2923370424744	102.996500585055
72.2694482890705	103.561322492842
76.5831154856268	99.6498189302231
79.9289390916043	100.573445098724
76.8832129222371	100.288989984101
74.3020918175975	99.3975669915256
73.2262351142153	99.4540344592159
73.458838538667	98.31642429917
78.4615968990303	97.7089010436329
74.4951634625109	103.885536058463
73.1573255889991	102.845785794723
73.5322150033419	101.819990827832
76.3406595411366	100.283164971965
74.3364249140453	98.3289511930494
71.0683735173295	103.319126884829
74.954035035849	100.765847132849
74.3468359139956	101.916186327652
73.1655193759944	98.9426147742654
79.4953964963714	100.919317241009
78.6621762815151	99.9920863087651
77.1157573547079	99.1385370663833
74.3389149963273	100.401357452702
77.3908871777183	101.452563691683
72.8782813194901	99.7238340081517
72.6824148238176	97.7116094897616
72.1129826567656	99.779340597654
76.47159267163	104.296574750426
76.5993669186714	101.437802871364
72.2333554745474	99.8077397371965
72.1498613662266	103.21069875805
76.007052472716	100.747084235622
77.0893885806108	100.295631007952
73.3524433883046	98.4793910880788
75.7039787436729	98.0543322631989
77.1322311731734	101.653199118471
76.0107956508567	101.294127193388
72.8648835981206	98.4403648038795
74.8795696575154	98.4324142419831
76.8081342066828	100.824170561586
79.038365413456	97.1661888793151
75.679155217251	101.307519956759
72.2002064372863	96.9728626155156
77.0708682228905	98.8740562315175
71.4239636790405	100.192938234404
76.3328069809708	99.9602758809251
73.0471048136962	96.4971090690427
77.2847545510856	95.4888717902199
78.0374991971196	99.2268298025423
75.8124773740323	96.7585001341173
75.1930869075363	100.644797766238
77.6637946997489	99.6272079409719
75.5081083750134	99.0237203084034
75.4839986734613	97.4164864228413
76.5839148676975	99.6184154888505
73.8586017574028	101.082176177294
75.8233952042707	101.690700972894
78.539680174112	105.126528344544
78.5671432229111	101.982796926188
75.4763299524079	100.355825021778
74.8150061913329	97.6379925241461
74.0323201300304	98.2625428596234
74.3891593140456	98.9009632865527
76.9592681196045	99.8699894508565
74.2264864113489	102.210307701653
77.4191987238749	100.237328155501
74.0665777544234	99.3840625755737
77.0353123324882	98.2270791927767
77.3818074006056	101.337867393797
76.8843056667769	100.881479030487
72.0761436655036	100.50274740519
74.4474494537994	100.388206823668
75.7438259229354	98.7412002452392
75.5829575359461	101.383220725455
76.1331742602272	102.509253289373
74.3261030996433	104.212970766507
74.6711564208785	98.1912375645232
71.9711035948858	98.1238616047001
79.4028112523686	100.407352761457
75.889926990865	100.858535702222
76.7313495051891	99.2715750650792
77.7761910513724	103.02455172935
72.0674920509627	100.074141283018
74.4095870836593	101.492743094935
75.3018294937061	99.8924496355019
76.0890817418844	100.911924382423
76.9834300701588	97.2968534886364
78.2035389056289	98.4246690698895
76.9022617451209	98.847819128648
72.4346120766561	101.595008456583
75.8467855328518	100.163217025611
74.842813971049	98.6835514111168
74.2304998365497	101.435796704319
71.0353703893894	98.4335666783408
73.9115734274672	101.16916454987
76.2655581277717	99.9323189624657
77.4576573135618	102.702763332919
73.3965504162777	98.9229372967503
74.3732265665637	101.000936857325
73.0164573576757	97.9075864178406
77.9179082851604	102.983191445618
75.2103645887819	97.8417249567215
73.09755626917	100.889249298819
74.5990904363684	101.961267972479
72.9955838881396	98.6167880697275
72.9375615695387	102.508309492541
74.1382717683917	96.6998999917149
74.1568035247616	100.423849842307
76.1687699577583	102.021803452216
74.3002667141471	103.580810537784
76.6721735281681	103.318041031326
76.8169467274848	100.995890374931
72.5905190317659	97.7611983614229
74.6598583764658	101.325038208106
74.5761986097572	100.37877187129
75.9969747543729	100.579773763337
76.5805890558894	100.487851185839
75.5645300122015	101.315869907423
78.8713728495278	101.480579691439
75.6888453313519	100.470955282586
75.8092565551535	102.216878611002
77.0624869035099	99.8538008640731
76.2194078937249	101.895518657503
75.4324368978002	100.86951055716
79.1884216640383	100.7915181959
75.4318459919086	98.4635467937112
72.0932208952307	102.947141050702
75.0483088915185	102.260743779598
73.6984653800986	101.348767789348
74.6535990331196	99.0055516995735
74.5268742855904	97.6811817570166
75.5188117234492	98.4820097500585
71.8530140186517	98.1196947031472
78.8045919550249	100.51247981952
73.8624195890036	100.054540552012
74.3198875312925	101.309207046533
73.4574091558688	100.332810400332
75.9489080536716	100.148747448371
72.9499822982814	96.3639329540668
75.8243042853956	99.5091688666045
75.8163279543659	97.0713135363363
79.4210544120178	98.2315261947346
77.0861784551962	100.038650175545
75.7591038293285	99.2200381862997
75.6273416137527	100.030396322802
74.9840410953295	98.9017099709293
74.7157793536248	101.007175250679
71.2312968145762	97.3598413462271
75.2178802270739	100.015247941346
74.0099231302028	98.2347605361953
72.9419022799449	100.484155114651
75.7477967408537	98.3317587020213
79.5052232203812	96.6655425904003
76.9498095063582	99.7752207356447
76.093843581756	101.338397505793
73.6472366803118	100.097418749081
74.1067050825242	100.018225976795
75.8698529400542	101.055167476883
80.7717392183991	100.756138446814
74.017995194938	99.4511994651006
74.1024640075576	100.044560226098
72.3201412537441	101.2579009548
70.839609691676	100.400040318014
75.2351116403729	100.200081663237
71.8065948017681	99.2899740369972
76.1223473723324	98.849673287238
74.9057203811229	98.0255889202755
74.4134696156809	100.776665946527
76.6748326749319	97.5966067796902
72.9747040874674	98.796078324586
74.3345164860647	100.53824647763
73.5767149954466	99.5857344247103
76.3089671865901	99.3780782797043
77.9051418812711	99.7161191990301
73.7594885577059	97.0769012695851
77.3896926702154	102.161666262016
75.7191640642793	98.959452261481
72.5380324555284	97.505602651846
73.7285550390532	100.450761983541
73.7971367382366	97.8351300162002
76.1341700020974	100.526412654149
73.9100918630914	100.593934747233
74.0583228578198	102.126678215771
75.1697441398385	97.9009747556152
74.8922526420661	98.3679621471826
72.4134367489589	98.9656760935547
77.1850101757383	100.9036601054
74.491635780618	101.178709147127
71.8839306710382	99.1820049452091
71.9455728594106	95.5876157563669
73.9790087617643	98.3943492233653
74.6407695769009	101.284703163403
73.4801257496744	101.475672869419
76.3038395143944	103.940154195582
71.9257909491558	100.416519127285
73.8578237698218	105.646965175282
72.254390843668	99.6655472516636
74.4581737833402	96.9744143576293
73.5051623103474	96.5965372054713
76.8231881634999	101.370441363797
77.5364051099104	104.538688525099
75.0691716605504	99.9162002372133
75.2244767672632	99.143560114249
72.5385786998434	100.662999513039
72.9534890279784	100.54854810469
75.9874523773498	97.6670196831399
74.2980901812063	98.2106820299286
74.5702189264615	98.9829929391069
72.4305770342943	102.795087781043
76.9896109706222	101.70839565017
76.5279258011899	99.3940681318048
75.5836959238647	100.184126771015
76.6373018402022	98.8291848735299
73.4951244277912	99.3048073653102
72.9130929133307	97.0591210319554
73.5358450433981	101.194316844262
71.2717877575656	100.108164554708
72.9289641761241	100.075600859778
73.3862153753579	99.4900483799552
76.6863021577899	100.112169567259
73.220847636431	99.3723755048129
76.3756064712199	96.6602229477355
70.739590739974	98.0130152131417
78.9821480872119	99.0825242670815
77.1019158341708	96.0761645046724
76.288286872631	99.8364683866502
73.0978659522755	95.9517927880498
74.1370055216547	98.6031336689334
71.5190144827689	100.093433672192
76.8341416931742	99.5559280114795
75.523201885774	98.4090364350109
77.3703723144046	98.5939727381104
79.6435348987237	97.9275510616188
74.6491681151157	102.069336157474
74.9761739063583	98.4508282218791
74.7320069074782	98.83905973043
72.5934161708533	101.374404717266
76.7335501467447	98.5265639958922
72.6159856774763	98.3197629663092
74.5784353453306	98.4004142187614
74.3327585297812	97.7556544317093
73.8205501540346	102.531820652023
77.1027013811036	100.119540511931
78.3364714203117	94.550100072002
78.5678322036174	98.1581127924911
77.3985234896969	104.328916580157
73.4977003680759	100.752391087688
75.2560393778583	101.84677714269
74.5376547759649	102.729007160411
75.2841592551611	98.8811121966519
76.4121331426194	99.4974292823656
76.1862521965398	99.100741205515
72.0718400619713	98.7386098493818
73.522457677532	97.1856367118163
72.9294466624702	98.6072835639435
73.9165717899825	98.4527469633082
76.7862153140928	99.9206268870762
73.1099614511162	98.1232348872328
75.7555379310538	100.200404592159
78.1277189463677	96.7602620098845
75.4811495207973	102.141346182156
73.4555588319527	101.732356190643
75.0254128218716	96.9918528131748
76.5758051260459	99.9420004337294
74.8482988022802	99.0931668854767
76.7401237450728	101.957394089559
75.0776784341477	99.7899876750574
74.1109334454101	98.2791108630852
77.0787313946384	99.3373797056096
75.4719984802734	98.9093379070581
77.5986930218054	99.5458121580578
75.1612098970014	101.405982585178
75.4853338067189	102.935684381563
79.6605004041637	99.1228286706195
76.5114169976591	99.7878818111324
76.0624985863872	98.2588533555931
74.5453746514987	101.042251536002
76.121171422703	99.818872403426
76.6313033586545	100.870241702402
76.533418600051	99.8667132771824
77.2810695421276	98.4134851084729
75.3219223277394	103.321753073543
75.2638390906622	98.7641607218472
73.5805306916808	97.1624609757623
77.2200960946318	99.6688504423486
73.8983813365627	103.819192129147
78.3922976316514	101.626516661712
74.5558477581483	99.9124113225074
75.4106741146473	97.972845291934
74.8279736056483	98.4281905080381
72.4809347088183	105.014816936664
74.7155620534276	95.6407891478391
73.4664522630705	97.089081423107
76.1085998221292	100.404933236632
75.8033700500569	99.6436644736399
72.5302709475263	99.5878263524879
77.9337322897096	103.17247689406
73.4823848352126	101.096547395616
70.9222235383683	100.65355582567
75.3365779465269	96.4196633969271
74.2563036642823	95.5704859738418
76.3927946578244	99.7011549956039
74.2321469679646	102.300317167035
75.6830772572931	100.384018782454
77.3329651039735	100.477493449556
73.6819733504385	100.872621348245
72.5485584829339	102.578766714333
73.5556189314627	99.3361216467652
76.3611869687481	98.9918726322623
69.3016175545674	99.9830949717187
76.7687262260532	99.9301719630694
72.3978499095914	102.34272799841
75.7270962662345	100.438354921632
76.325511945212	99.2240471756589
74.9098658159706	103.598496877176
79.2112252056073	98.751187801843
74.2239651556176	103.034022540481
71.9452069176826	99.6561921258904
74.7865882865975	98.9426668175676
75.0779896407109	97.8270836087746
73.1769230784728	99.776734215891
72.5416187405177	100.623666792139
74.1987653762601	102.613061714842
71.3135415620322	104.765082758471
73.7730675665942	100.321943469177
71.4110130933932	99.8357275295668
78.6453175452556	101.16009728304
77.018411193389	99.3355081195902
74.0014526583211	100.609940506572
72.7984802765364	99.9112429891557
71.7664817710967	101.384823419307
74.2378593930154	100.607012662305
74.6832861238923	97.0519810333835
76.6871613370997	98.6824304796794
74.2220183364212	98.7457118259125
74.8608205084685	98.3939485473303
75.1590874432432	102.260761868429
74.6945111800505	102.47233634039
73.8554328665609	101.201140335402
76.9488376352001	101.056188587925
69.4086023170127	101.217427216912
75.8114273193748	101.013580050053
73.2566713764564	97.7099489790442
74.5992778371342	100.514829276036
72.5958481027782	102.228508919817
76.4546754822703	98.8109108780055
68.2347787719808	101.049768039253
74.322214851726	99.1604793831
74.8744377012159	102.315895152715
78.639399967449	96.0956260184234
73.5500915526688	96.8907566218152
73.0104981061801	99.8464289621526
73.7136270125173	102.686522060064
73.8125753995671	98.211840049337
72.1913889260466	98.2596072416416
75.9109687777734	100.559956317413
74.534174185419	100.21182765196
75.2161559077555	99.9364835414318
74.5592249819179	101.215488861624
72.5422273881376	99.9986170851189
74.8186981687971	101.602967495595
72.1941545003687	101.351107109719
76.4022189802585	99.6102884609058
78.4799214977124	102.311309647715
76.081561368816	99.3091350642276
78.6648538837712	98.7093042232866
80.7019521171867	99.7205429537174
75.8750901857298	101.431573427705
76.1475778715126	98.8806750833495
72.5407256219063	97.399591673087
80.157035225782	99.0571450831079
72.0206520599355	97.2389405729777
72.0001140733288	99.3227838299946
70.9285138518583	98.8666688610792
75.6979593750998	100.057401178673
75.7926079756188	99.7472915672823
72.9174749780216	101.558179144632
74.939019710645	99.1628013121872
74.3012580814277	100.246312447438
75.7693551756204	102.196666517965
76.6795528802106	104.065261256717
76.754337099595	98.8661853263225
73.1908159006768	100.397273892406
73.4910151431964	101.380531936486
78.9581654797169	97.9709863265805
77.7134293257906	103.040349166409
74.7954269834135	99.5384270063009
75.2081854111518	103.590224773894
74.9539222091738	101.13060235096
73.476170556462	101.50188123587
75.3438601658722	101.780600443452
74.3071530278786	100.522759181144
74.394754887385	101.670938040752
72.1075618892051	101.391033423925
75.3010498896597	99.7594528174728
71.6131985120038	97.4485129514232
77.511908338885	98.5263094952507
75.709699488095	100.939365369798
76.1368885872974	95.5587835197302
72.6254395798628	96.0050160670269
75.8236107168944	99.040207020543
77.3195826322312	101.955174951233
77.2397768463538	101.953474005677
76.3664876833411	97.9705172989623
73.0232418371652	99.8890822284422
76.6904316709934	98.8771050777127
75.0025335048005	98.7893904490463
76.1766826658532	99.6594735851772
71.9552143145685	100.501606947413
74.1883540930984	97.6792707408738
75.0881563121983	104.192253745275
76.7832363187373	102.029712554397
75.9648572708693	100.110105532659
76.5383084004644	98.0484273503606
71.7055684195473	102.960315307797
76.1330172262303	102.189725790313
76.5453830706999	100.175506391712
72.8014517559506	98.761409547935
75.889933637453	101.690599591925
75.8995467853899	97.1064912050715
76.8145381440708	100.492876229047
77.9230082159297	102.517973535377
77.3423736831973	99.1786624796245
71.4799618415704	98.77194651279
72.3653281915134	97.8522015843907
74.8915719547736	97.788085895315
76.3861977191578	100.413355968737
75.1765927543066	102.760633872138
77.9938446992665	101.047833536719
76.2431727123088	99.0944390890847
74.9169397891214	103.09561836711
73.4543871989524	101.051547511005
69.4749565978866	102.238378711729
76.5764728354674	99.0503811303424
71.0978914716743	98.1990144619974
75.9414691962749	99.3062762897277
75.4299158924373	100.482806875279
74.320681862877	97.6475602511297
76.9602897842284	99.2319966104332
77.9368948775469	98.3553503131985
74.533536150528	99.998091737492
72.1207244876788	99.2910799875274
73.9745927668164	100.28532476007
77.1621322092477	98.7551287827878
74.7533493105028	100.870518271292
75.3262878347554	100.297389078343
75.3192234952295	100.284267447552
77.1605493107402	99.0319313882988
73.3629750838927	103.354479188751
74.6448286177772	98.2343250323675
77.1159213598379	100.067084472324
78.8000448695081	99.5329874761527
73.6806366151922	103.956115920149
73.4898128958967	100.74380753998
76.8795387816915	97.106717968953
76.5238292725183	101.611023174985
73.6988757183441	101.288396757786
75.4581726015506	101.142862246288
77.1951239748064	102.448070744661
73.3980488670504	98.3232521270619
74.9892426484803	98.2524468571418
72.7454559440268	98.540588021843
72.9708560316735	100.749493554281
74.2914315599094	104.372561137764
75.1838970211074	97.3846101589365
75.2853241043011	97.9099314354189
75.8117580561771	99.1579682649685
76.2294930858613	98.8161534951415
76.8317823434145	98.5732765576364
74.9066094679619	100.545602622154
75.7395630267353	97.9215455187706
73.9194460630671	98.9314168963528
78.9712314222709	100.670943143652
74.7989401908092	102.927642081364
72.8163521328574	101.159324767533
79.0673266725357	102.986174684191
74.2213987472004	102.249010063034
74.3516168350128	97.773738037371
71.6486044084812	101.134698445721
74.6820583490218	101.177634090646
73.5672268191557	99.4995135147711
73.5018668352233	99.85891551967
76.1392640562574	96.7527561237362
75.3476724584133	102.760077369149
78.6319499064635	101.998277809555
73.8095673526299	97.6504438778625
72.6402054573216	102.498926455902
75.770629090018	99.2928558175345
77.0308110988998	98.0452458787193
73.6347021977696	103.759828289609
77.0397190190799	97.7526336613411
74.988686547988	99.5482623885421
75.183888610736	99.2640172135471
76.7953540975946	96.6562167860752
75.4254324595323	101.241306325583
73.9157525601243	101.423291995092
76.6477547343214	99.645144155225
78.3910217080792	100.998325822338
76.9227350973764	104.260348820531
72.2095301630883	97.2797528578021
73.0992854125417	98.6160655895052
73.8546168904623	100.036525445744
78.3130187757908	101.483025488372
74.6788122680937	97.2442181947554
78.6342477460521	103.019611982458
77.5417535483137	100.195033976767
77.5582534172312	97.8941508089526
73.5434077846913	100.718059584509
73.0242083238148	99.0597577992878
74.5233889591504	98.5037682472792
79.3053808767206	102.223772015023
74.1236355076334	99.1132243673879
75.9182521469909	100.696408101059
74.1797220554952	97.8004770684419
77.486526002266	103.576594027633
73.0983308564524	98.4124008796274
81.501512396061	94.1496123524656
72.5914127928711	98.381538234135
77.235636506119	99.4548474726143
72.7740863102977	103.674788024466
75.6900167106419	98.5866674941114
72.5878743666501	103.387244327764
75.6551345669543	99.4825598130073
73.6718221863621	101.588730699306
76.133408907318	97.9259236602356
77.1813080084202	104.736952812625
77.3947179684803	98.5952351020736
75.4470511709811	98.4624069735143
77.5530797543119	101.804105655224
73.2345718660295	101.205500855182
73.1214663553982	102.120213440789
72.5706152624533	102.890661840585
76.1531888705568	99.7815042206506
71.4739581772682	99.2627299478552
73.4901601213308	99.3445922671393
73.8187722451168	95.8978441553861
74.5897853434614	100.327998133416
73.1123376216609	100.975482968899
75.8498792181204	100.493506209369
75.3261071581112	99.0432987207307
76.9966585218051	96.0075540584522
76.4880163890812	99.5089730900111
74.3772392991722	97.9471269937712
73.6841776706055	99.9433088210546
72.8257050305625	99.848638341308
71.4634976452065	99.302152504172
78.1876277020413	102.272321057169
74.763023353688	100.658952016939
75.4366174224612	100.161650966994
75.1278190985084	98.2753291129512
75.4953679228072	97.3336161523165
74.8545790319122	102.570464446662
77.0136802219398	97.9196620273448
72.4128856497331	99.0382803835555
73.5702473829733	99.4700159531715
71.2966132890455	99.2207712666517
71.1734332991268	101.975378427324
72.8931921915456	99.775751863017
77.8275831492251	98.3253734494592
77.9233097023917	98.9644162126562
73.4309118024432	100.685221754595
75.4398884755194	96.9311149480245
74.8626483686767	98.9231482449915
78.5588245120599	100.010466065686
74.3259793520245	98.793002502381
80.1741343420061	95.5829073899295
73.3312815787779	99.2878724692789
72.4957921565384	98.281758592216
78.6827258329649	103.600699600149
73.1559728465675	94.9891514550023
72.8418884977021	99.4400290818704
75.5339240428247	97.9834791573871
70.5943334901653	102.882749695501
74.9096527485638	98.7723344393748
70.8831822183156	101.2345824229
72.6361131261571	98.379075652915
76.0209398306847	98.5195874024778
74.3573297038631	100.899093156612
71.663307566457	98.2892870216976
72.4925066153061	101.637493133352
75.2286949794774	99.8030445807174
73.4113553116728	98.8402399211242
75.1671212022965	99.4444070870469
76.4545465613288	99.6911906618686
74.7216895577336	98.9169011266977
74.89243946763	100.088469351409
74.6908924131924	95.0066689309101
78.1569555191539	99.1583235608983
75.1526756488422	101.463839169703
75.8372592024981	99.4266362682153
72.5437206763344	98.6807176179105
74.002017564631	101.173971143374
77.0726067262254	102.415213874559
74.0519530331613	105.942855912445
75.8004033545353	103.302243782663
76.8001180638786	99.9834945189593
75.7604390627429	100.456649784387
72.83504072409	98.1847335198447
75.4498968784309	102.284236797817
76.2973352419884	101.244045472723
77.5203742786866	98.605169327406
77.8905006455743	99.8540470675273
73.4199862140387	96.2185383889295
78.1285215359698	99.8010061220002
75.4606752560431	99.0017173801173
74.3047242926727	99.628545840794
70.2941132300832	99.5095346885867
74.4128160211253	98.8507073753038
69.789178707797	101.570961295468
73.3949502683216	95.3167955992706
73.4452355683126	101.616555925631
75.0178574549687	100.647235862854
75.3936861965822	100.005050848285
73.5003750555759	104.153013965359
77.8943347466805	102.837311528774
75.7326938972716	97.7901731131135
74.2126570370313	95.4355572457646
73.9701604439114	102.779604017555
76.3466992304274	103.357264646511
76.7734468082183	97.1954656417182
73.2603187658141	100.222908031731
73.6304016264093	101.003891360995
74.8771894074478	97.548653987709
72.163927337928	99.3974212278213
75.4953575917325	97.3868134023645
73.6492077087592	101.94278703247
76.2280585317367	104.321270721436
72.9011320144761	99.3760116947202
74.317427424996	100.923371454381
74.4575031821958	99.2379745307778
76.0058753465565	99.3487524722101
73.5095234619394	100.213657913588
78.0791768754059	98.2099860219784
73.4848574795694	99.3138275980027
75.4792492950657	98.602203649887
74.6889350709089	100.322409005042
75.9614876118467	96.0272885926322
73.6312244523602	101.368446697722
72.5244066287335	99.3047089612086
71.2215639250123	102.170741773874
74.4720186479827	98.3954383996423
75.5478315885239	101.287127756366
74.0518331668121	102.469895218399
69.2428556800105	100.810779430482
76.2427089470722	99.5488228748236
73.6477529604797	101.355159111054
74.9551612647131	99.8282195978063
74.7152868609713	97.4155156389129
74.1509854008598	100.259309067358
74.9907943232784	103.702296058248
75.144369476204	97.0746052457329
76.9313399894561	100.474132664036
77.5472305613703	98.5428328408477
71.5500730553952	100.96917578462
73.9331371146546	98.2937314613509
77.8099321202069	98.9794982838889
72.4515109339418	102.589620820821
77.7199404540696	96.5658981387678
75.0388402706269	101.015638593597
75.4579394281309	100.758384411011
76.3022608036067	98.1234576361838
72.5316121086257	100.341426751655
76.7051804533186	101.511679003805
72.5088961206082	100.020884719697
77.317560289398	100.173292925508
72.7972314571368	99.5949225065285
72.6216639277771	99.586335363753
73.393362126019	100.235589512292
78.3070338111822	98.0077548729179
75.4186170088396	96.4417024503011
74.5056324079604	99.9164198212497
72.7180863802603	101.774716411323
76.6394952536184	97.9008556867208
74.3883051650781	99.9301252994148
75.3676076192977	97.2100138681025
72.1572679768799	100.720539141211
77.663354137459	104.275586529416
76.3743072530781	100.353638434983
75.1536254482883	99.5435837736083
74.647833755074	100.74768467421
72.4717903037712	99.6800967121118
74.6967854502232	100.053167108519
75.2545089536485	100.885220858007
72.8507157651608	102.0258997904
76.3036275001771	98.4318865155496
78.223057797996	100.148542642591
74.1720443322507	99.2757521654373
74.0858391426396	99.1107096416351
72.6993962677519	100.09603637745
71.993387858416	101.428799179827
76.4139431413981	95.8484043510825
76.5693209476994	97.2331401606825
73.1497422017017	99.1008779392612
72.7185752878503	99.9292354381778
78.2202827692887	99.1593131261044
75.8602497710949	98.3764290887255
74.3072041386318	102.29624717117
77.8863256736286	99.1806729592347
76.4007397469606	102.295776852117
74.8156955038827	104.293271112719
74.3184696464902	102.436296995626
78.7609167309947	100.850500716333
75.3967933025823	98.5020467219808
70.5683281289512	102.034676701736
75.6991981965259	102.690505053685
73.4426633406734	101.835903131828
72.6331364199651	99.9777680919333
74.6535298501296	102.069205097005
71.3552848646637	97.7515960464568
74.4120506485183	99.4477111694277
72.9297135500163	98.7063779018144
74.3372467942516	100.009769300407
73.0885785183897	105.101708703171
77.133421834265	98.0471415581496
75.9645873456726	97.3817627538139
77.9172646255403	100.112117505023
73.7552362659558	101.227546293562
75.3594723095476	101.416637862863
77.8895240487524	98.2380762023301
74.3596975057647	100.654992653943
73.0906016880713	101.003512076227
74.6288251850415	99.0137484535916
75.3539921547559	97.8372116775984
76.7856968280902	98.1965426258791
77.2743813081171	98.019929820947
72.1463859592537	103.780602188773
72.1446443077099	101.824107325832
73.7962502582497	101.706924822667
76.7270931105542	99.6181543193559
76.7270227437077	96.8773869270678
71.3605224555037	97.3584513143134
74.1205689312487	100.022491590661
74.812412779484	98.6588999608298
79.9117202569569	99.5464526287002
73.8749069331964	100.365695067365
78.1711351906085	100.814279165005
77.3484834947248	99.0504808566509
74.9071002478193	99.7665511055833
75.7405584378446	100.015306369193
74.5173608467956	95.6873515698129
75.0253113664487	100.230421247539
71.367995471162	101.029684190084
71.6400678276586	98.1567297822292
76.108464285853	99.5769962574607
74.0746122838796	99.6389907797199
74.8966392826205	102.369443156497
77.5196368102723	100.250366394213
75.375857342533	100.881466096387
76.6171992666077	99.8058334724915
73.5671956199229	101.45869095118
76.9628349034163	97.153884836812
77.4506950523227	101.536961877398
75.0096997438856	99.0430503240104
74.3822885801411	99.0485948728764
77.4302027008354	98.7314914212791
77.6713678284844	101.113719876741
73.1780635101688	94.0009938073758
72.859154660097	98.180457009057
74.2005347286427	101.462411975987
73.7254818700781	101.897152647388
75.1542939381691	98.0957046693641
74.8842438889874	97.7284811116015
75.0777004538803	100.764624878373
72.8445413232485	98.5686524684022
71.7666006854447	98.6220755041537
77.7776377684555	101.152574806724
71.2236996791098	98.8627225661715
74.385909416429	99.7409715635282
78.1147602691866	101.079199590188
74.7508525696104	99.7621404765254
75.234218023818	102.234143599172
75.5588004085784	97.601997193588
74.310987086306	101.966992984184
75.6473096722688	97.9723000868029
74.5513389661776	101.602974509471
73.7244782812966	97.3116218888357
77.1712358508291	103.266633542428
75.8440368714204	99.1806194789414
79.6390633344409	100.855335826972
73.96321127631	100.15543378296
72.8871280620586	101.822577152894
71.837376288235	97.9146656557675
77.573598652937	96.8690573645147
74.7107609883524	101.750482705451
75.7107609883524	102.750482705451
